inst#,actual,predicted,error
1,1,0.589,-0.411
2,1,0.589,-0.411
3,1,0.589,-0.411
4,1,0.589,-0.411
5,1,0.589,-0.411
6,1,0.589,-0.411
7,1,0.589,-0.411
8,1,0.589,-0.411
9,1,0.589,-0.411
10,1,0.589,-0.411
11,1,0.589,-0.411
12,1,0.589,-0.411
13,1,0.589,-0.411
14,1,0.589,-0.411
15,1,0.589,-0.411
16,1,0.589,-0.411
17,1,0.589,-0.411
18,1,0.589,-0.411
19,1,0.589,-0.411
20,1,0.589,-0.411
21,1,0.589,-0.411
22,1,0.589,-0.411
23,1,0.589,-0.411
24,1,0.589,-0.411
25,1,0.589,-0.411
26,1,0.589,-0.411
27,1,0.589,-0.411
28,1,0.589,-0.411
29,1,0.589,-0.411
30,1,0.589,-0.411
31,1,0.589,-0.411
32,1,0.589,-0.411
33,1,0.589,-0.411
34,1,0.589,-0.411
35,1,0.589,-0.411
36,1,0.589,-0.411
37,1,0.589,-0.411
38,1,0.589,-0.411
39,1,0.589,-0.411
40,1,0.589,-0.411
41,1,0.589,-0.411
42,1,0.589,-0.411
43,1,0.589,-0.411
44,1,0.589,-0.411
45,1,0.589,-0.411
46,1,0.589,-0.411
47,1,0.589,-0.411
48,1,0.589,-0.411
49,1,0.589,-0.411
50,1,0.589,-0.411
51,1,0.589,-0.411
52,1,0.589,-0.411
53,1,0.589,-0.411
54,1,0.589,-0.411
55,1,0.589,-0.411
56,1,0.589,-0.411
57,1,0.589,-0.411
58,1,0.589,-0.411
59,1,0.589,-0.411
60,1,0.589,-0.411
61,22,19.836,-2.164
62,20,19.836,-0.164
63,19.6,19.836,0.236
64,19.6,19.836,0.236
65,19.6,19.836,0.236
66,19.8,19.837,0.037
67,19.8,19.837,0.037
68,36.4,19.837,-16.563
69,19.6,19.837,0.237
70,19.6,19.837,0.237
71,19.6,19.837,0.237
72,19.8,19.837,0.037
73,19.6,19.837,0.237
74,19.6,19.837,0.237
75,19.6,19.837,0.237
76,19.6,19.837,0.237
77,19.6,19.837,0.237
78,19.8,19.837,0.037
79,24,20.059,-3.941
80,20,20.059,0.059
81,20.2,20.059,-0.141
82,20,20.059,0.059
83,20.2,20.059,-0.141
84,20,20.059,0.059
85,20,19.837,-0.163
86,20,19.837,-0.163
87,20,19.837,-0.163
88,20,19.837,-0.163
89,20,20.059,0.059
90,20,20.228,0.228
91,20,19.837,-0.163
92,19.6,19.837,0.237
93,19.6,19.837,0.237
94,19.8,20.059,0.259
95,19.8,20.059,0.259
96,19.6,19.837,0.237
97,19.6,19.837,0.237
98,19.6,19.837,0.237
99,19.6,19.837,0.237
100,19.8,19.837,0.037
101,19.6,19.837,0.237
102,19.6,19.837,0.237
103,19.6,19.837,0.237
104,19.6,19.837,0.237
105,19.6,19.837,0.237
106,19.6,19.837,0.237
107,19.6,19.837,0.237
108,19.6,19.837,0.237
109,19.6,19.837,0.237
110,19.6,19.837,0.237
111,19.6,19.837,0.237
112,19.6,20.059,0.459
113,19.6,19.836,0.236
114,19.6,19.837,0.237
115,19.8,20.059,0.259
116,19.8,19.837,0.037
117,20,19.837,-0.163
118,19.6,19.837,0.237
119,35.8,20.059,-15.741
120,19.6,19.837,0.237
121,8963.6,8991.193,27.593
122,9039.8,9011.275,-28.525
123,8967.2,8994.109,26.909
124,9049.8,8991.193,-58.607
125,8947.2,8966.787,19.587
126,8970,8966.787,-3.213
127,9184,9007.485,-176.515
128,9142.2,9007.485,-134.715
129,8995,8994.109,-0.891
130,9207,9007.485,-199.515
131,9036.8,8994.109,-42.691
132,8968.8,9011.275,42.475
133,8997.6,9007.485,9.885
134,9115.8,8991.193,-124.607
135,8921.4,8991.193,69.793
136,9009.2,9007.485,-1.715
137,9047.2,9044.705,-2.495
138,9010.2,8991.193,-19.007
139,8972.4,8991.193,18.793
140,8932.8,8991.193,58.393
141,9026.6,8991.193,-35.407
142,9045.6,9044.705,-0.895
143,9045.6,9044.705,-0.895
144,8976.2,8991.193,14.993
145,8998.8,8991.193,-7.607
146,8981.8,9007.485,25.685
147,8987.2,8991.193,3.993
148,8936.8,8991.193,54.393
149,8991.2,9007.485,16.285
150,8968.4,8994.109,25.709
151,9036,8991.193,-44.807
152,8974.6,8966.787,-7.813
153,8979,9007.485,28.485
154,9145.8,8991.193,-154.607
155,9083.6,9007.485,-76.115
156,8937,8994.109,57.109
157,8973.4,9011.275,37.875
158,9021.4,8991.193,-30.207
159,9034.6,9007.485,-27.115
160,9038.2,8994.109,-44.091
161,8986,9007.485,21.485
162,8971.6,8991.193,19.593
163,8995,9007.485,12.485
164,8990.4,8991.193,0.793
165,8956.2,8966.787,10.587
166,8966,8966.787,0.787
167,9036,9007.485,-28.515
168,9011.8,8991.193,-20.607
169,9036.6,8991.193,-45.407
170,8984,8991.193,7.193
171,8999,8991.193,-7.807
172,9080.4,8991.193,-89.207
173,8941.2,8991.193,49.993
174,8940.6,8991.193,50.593
175,9008.4,9007.485,-0.915
176,9038,9011.275,-26.725
177,8920.2,8991.193,70.993
178,8904,8991.193,87.193
179,9097.6,8994.109,-103.491
180,8981.2,9007.485,26.285
181,84,82.792,-1.208
182,64.2,36.341,-27.859
183,35,36.341,1.341
184,28.8,34.194,5.394
185,39.4,34.194,-5.206
186,24,34.194,10.194
187,36.2,34.194,-2.006
188,12.6,34.194,21.594
189,83.4,80.85,-2.55
190,85.6,76.734,-8.866
191,34.8,36.986,2.186
192,84.2,84.12,-0.08
193,64,40.657,-23.343
194,35,40.657,5.657
195,18.2,84.12,65.92
196,39.4,40.657,1.257
197,60.4,40.657,-19.743
198,2.2,40.657,38.457
199,85.4,80.85,-4.55
200,84.6,36.986,-47.614
201,75.4,76.734,1.334
202,34.6,36.986,2.386
203,83.2,82.792,-0.408
204,63.6,34.194,-29.406
205,34.6,34.194,-0.406
206,52.8,82.792,29.992
207,42.2,82.792,40.592
208,30.8,34.194,3.394
209,84.8,80.85,-3.95
210,64.4,66.39,1.99
211,34.8,36.986,2.186
212,83.6,84.12,0.52
213,64.2,40.657,-23.543
214,35.4,40.657,5.257
215,53,53.037,0.037
216,3,84.12,81.12
217,54.4,40.657,-13.743
218,10.4,40.657,30.257
219,53.4,53.037,-0.363
220,85.4,40.657,-44.743
221,84.6,84.12,-0.48
222,30.2,40.657,10.457
223,45.4,80.015,34.615
224,23.8,84.12,60.32
225,55.8,40.657,-15.143
226,88.4,80.85,-7.55
227,66.8,66.39,-0.41
228,37.4,36.986,-0.414
229,88.2,37.343,-50.857
230,24,80.85,56.85
231,18,36.986,18.986
232,18.4,37.343,18.943
233,82.6,82.792,0.192
234,63.2,36.341,-26.859
235,34.6,36.341,1.741
236,83.6,82.792,-0.808
237,84.6,36.341,-48.259
238,75.2,76.511,1.311
239,35.2,36.341,1.141
240,82.8,84.12,1.32
241,192.8,172.502,-20.298
242,177.6,172.502,-5.098
243,177.2,172.502,-4.698
244,176,172.502,-3.498
245,175.6,172.502,-3.098
246,176,172.502,-3.498
247,175,172.502,-2.498
248,174.8,172.502,-2.298
249,175.4,172.502,-2.898
250,174.8,172.502,-2.298
251,174.8,172.502,-2.298
252,175,172.502,-2.498
253,175.2,172.502,-2.698
254,174.8,172.502,-2.298
255,174.6,172.502,-2.098
256,175,172.502,-2.498
257,177.6,172.502,-5.098
258,172.6,172.502,-0.098
259,172.6,172.502,-0.098
260,176,172.502,-3.498
261,172.2,172.502,0.302
262,172.2,172.502,0.302
263,172.6,172.502,-0.098
264,172.4,172.502,0.102
265,172,172.502,0.502
266,171.8,172.502,0.702
267,172,172.502,0.502
268,172.6,172.502,-0.098
269,171.8,172.502,0.702
270,172,172.502,0.502
271,172.2,172.502,0.302
272,174.4,172.502,-1.898
273,171.8,172.502,0.702
274,172.8,172.502,-0.298
275,172.4,172.502,0.102
276,172,172.502,0.502
277,172,172.502,0.502
278,171.4,172.502,1.102
279,173,172.502,-0.498
280,172.6,172.502,-0.098
281,172.4,172.502,0.102
282,172.2,172.502,0.302
283,172.2,172.502,0.302
284,174,172.502,-1.498
285,172.4,172.502,0.102
286,172,172.502,0.502
287,172.2,172.502,0.302
288,172,172.502,0.502
289,172.2,172.502,0.302
290,173.8,172.502,-1.298
291,173.8,172.502,-1.298
292,174,172.502,-1.498
293,174,172.502,-1.498
294,172,172.502,0.502
295,171.6,172.502,0.902
296,172,172.502,0.502
297,171.8,172.502,0.702
298,171.2,172.502,1.302
299,171.6,172.502,0.902
300,171,172.502,1.502
301,3.2,2.45,-0.75
302,2,2.45,0.45
303,12.6,2.45,-10.15
304,10,2.45,-7.55
305,17.6,2.45,-15.15
306,1.2,2.45,1.25
307,4.2,2.45,-1.75
308,1.2,2.45,1.25
309,3.2,2.45,-0.75
310,2.4,2.45,0.05
311,2,2.45,0.45
312,31.4,2.45,-28.95
313,1.2,2.45,1.25
314,0.2,2.45,2.25
315,1,2.45,1.45
316,4.6,2.45,-2.15
317,0.2,2.45,2.25
318,0.4,2.45,2.05
319,1,2.45,1.45
320,20,2.45,-17.55
321,7.4,2.45,-4.95
322,1,2.45,1.45
323,2,2.45,0.45
324,2.4,2.45,0.05
325,1,2.45,1.45
326,1.2,2.45,1.25
327,1.2,2.45,1.25
328,15,2.45,-12.55
329,2.6,2.45,-0.15
330,0.2,2.45,2.25
331,1.2,2.45,1.25
332,3.4,2.45,-0.95
333,12.4,2.45,-9.95
334,1,2.45,1.45
335,12.6,2.45,-10.15
336,3.2,2.45,-0.75
337,5.2,2.45,-2.75
338,11.2,2.45,-8.75
339,2,2.45,0.45
340,12.4,2.45,-9.95
341,9.2,2.45,-6.75
342,1.2,2.45,1.25
343,3.2,2.45,-0.75
344,5.6,2.45,-3.15
345,15,2.45,-12.55
346,5.2,2.45,-2.75
347,4,2.45,-1.55
348,4.4,2.45,-1.95
349,0.2,2.45,2.25
350,0.2,2.45,2.25
351,12,2.45,-9.55
352,1.2,2.45,1.25
353,14.2,2.45,-11.75
354,0.2,2.45,2.25
355,1,2.45,1.45
356,7.8,2.45,-5.35
357,1,2.45,1.45
358,14.8,2.45,-12.35
359,2,2.45,0.45
360,0.2,2.45,2.25
361,926.8,44.661,-882.139
362,846.6,44.661,-801.939
363,111.8,44.661,-67.139
364,776,44.661,-731.339
365,807.6,44.661,-762.939
366,63,44.661,-18.339
367,858.4,44.661,-813.739
368,850,44.661,-805.339
369,105.4,44.661,-60.739
370,772.6,44.661,-727.939
371,802,44.661,-757.339
372,12.8,44.661,31.861
373,26.4,44.661,18.261
374,62.2,44.661,-17.539
375,21.6,44.661,23.061
376,26.6,44.661,18.061
377,56,44.661,-11.339
378,11.2,44.661,33.461
379,9,44.661,35.661
380,64.4,44.661,-19.739
381,16,44.661,28.661
382,54,44.661,-9.339
383,20.4,44.661,24.261
384,44,44.661,0.661
385,14.8,44.661,29.861
386,64.6,44.661,-19.939
387,50.4,44.661,-5.739
388,61.6,44.661,-16.939
389,602.8,44.661,-558.139
390,3.2,44.661,41.461
391,56.8,44.661,-12.139
392,44.4,44.661,0.261
393,3.2,44.661,41.461
394,193.8,44.661,-149.139
395,46.8,44.661,-2.139
396,2.2,44.661,42.461
397,19.4,44.661,25.261
398,49.6,44.661,-4.939
399,28.4,44.661,16.261
400,29.4,44.661,15.261
401,50,44.661,-5.339
402,5.6,44.661,39.061
403,66.8,44.661,-22.139
404,44.8,44.661,-0.139
405,36.8,44.661,7.861
406,58.8,44.661,-14.139
407,25.4,44.661,19.261
408,31.8,44.661,12.861
409,60.2,44.661,-15.539
410,5.4,44.661,39.261
411,56.4,44.661,-11.739
412,22.4,44.661,22.261
413,6,44.661,38.661
414,27.4,44.661,17.261
415,42.8,44.661,1.861
416,54.2,44.661,-9.539
417,95.8,44.661,-51.139
418,27.4,44.661,17.261
419,716.6,44.661,-671.939
420,27.4,44.661,17.261
421,242.6,177.15,-65.45
422,177.8,176.17,-1.63
423,177.6,177.15,-0.45
424,179.4,175.964,-3.436
425,177.4,177.15,-0.25
426,177.8,176.17,-1.63
427,178.6,177.15,-1.45
428,177,174.827,-2.173
429,181.8,177.15,-4.65
430,176.8,177.15,0.35
431,176.6,177.15,0.55
432,176.6,177.15,0.55
433,177,177.15,0.15
434,180.4,177.15,-3.25
435,177,177.15,0.15
436,177.2,177.15,-0.05
437,177,177.15,0.15
438,176.6,177.15,0.55
439,176.4,177.15,0.75
440,177.2,177.15,-0.05
441,177.2,177.15,-0.05
442,177,177.15,0.15
443,177,177.15,0.15
444,176.8,177.15,0.35
445,177.2,177.15,-0.05
446,177,177.15,0.15
447,176.4,177.15,0.75
448,176.8,177.15,0.35
449,176.8,177.15,0.35
450,177,177.15,0.15
451,175.4,176.17,0.77
452,175.8,176.17,0.37
453,176,176.17,0.17
454,179.2,176.17,-3.03
455,180.8,176.17,-4.63
456,178.8,176.17,-2.63
457,175.6,176.17,0.57
458,175.4,176.17,0.77
459,175.8,176.17,0.37
460,175.4,176.17,0.77
461,175.4,176.148,0.748
462,178.8,177.15,-1.65
463,177,177.15,0.15
464,176.6,176.17,-0.43
465,176.2,176.17,-0.03
466,179.6,177.15,-2.45
467,175.6,174.827,-0.773
468,176,176.17,0.17
469,176.2,175.964,-0.236
470,177.6,175.964,-1.636
471,175.2,175.964,0.764
472,175.4,175.964,0.564
473,175.4,175.964,0.564
474,175.4,175.964,0.564
475,175.8,175.964,0.164
476,176.8,175.964,-0.836
477,175.4,176.17,0.77
478,175.2,176.17,0.97
479,175.4,176.17,0.77
480,175.6,176.17,0.57
481,5729,5434.633,-294.367
482,5384.4,5434.633,50.233
483,5359.8,5434.633,74.833
484,5396.6,5434.633,38.033
485,5437.8,5434.633,-3.167
486,5410,5434.633,24.633
487,5378.8,5434.633,55.833
488,5405.6,5434.633,29.033
489,5416,5434.633,18.633
490,5428.6,5434.633,6.033
491,5382.8,5434.633,51.833
492,5345.4,5434.633,89.233
493,5343.8,5434.633,90.833
494,5375.2,5434.633,59.433
495,5392.4,5434.633,42.233
496,5404.8,5434.633,29.833
497,5423.8,5434.633,10.833
498,5448,5434.633,-13.367
499,5405.2,5434.633,29.433
500,5380.2,5434.633,54.433
501,5410,5434.633,24.633
502,5465.8,5434.633,-31.167
503,5449.8,5434.633,-15.167
504,5366,5434.633,68.633
505,5358,5434.633,76.633
506,5386.6,5434.633,48.033
507,5434.8,5434.633,-0.167
508,5465.4,5434.633,-30.767
509,5401.6,5434.633,33.033
510,5395.4,5434.633,39.233
511,5418,5434.633,16.633
512,5409.6,5434.633,25.033
513,5426.2,5434.633,8.433
514,5466.2,5434.633,-31.567
515,5446.6,5434.633,-11.967
516,5450.8,5434.633,-16.167
517,5400.8,5434.633,33.833
518,5455.6,5434.633,-20.967
519,5479.4,5434.633,-44.767
520,5478,5434.633,-43.367
521,5459.6,5434.633,-24.967
522,5448,5434.633,-13.367
523,5445,5434.633,-10.367
524,5451.2,5434.633,-16.567
525,5425.2,5434.633,9.433
526,5421.8,5434.633,12.833
527,5470.8,5434.633,-36.167
528,5436.4,5434.633,-1.767
529,5413.4,5434.633,21.233
530,5396.6,5434.633,38.033
531,5444.2,5434.633,-9.567
532,5461.2,5434.633,-26.567
533,5485.4,5434.633,-50.767
534,5470,5434.633,-35.367
535,5434.8,5434.633,-0.167
536,5408.8,5434.633,25.833
537,5454.8,5434.633,-20.167
538,5485.6,5434.633,-50.967
539,5461.2,5434.633,-26.567
540,5482.4,5434.633,-47.767
541,1,1.467,0.467
542,1,0.689,-0.311
543,1,4.242,3.242
544,1,4.242,3.242
545,1,4.242,3.242
546,1,4.242,3.242
547,1,4.242,3.242
548,1,4.242,3.242
549,1,4.242,3.242
550,1,4.242,3.242
551,1,4.242,3.242
552,1,0.689,-0.311
553,1,0.689,-0.311
554,1,4.242,3.242
555,1,4.242,3.242
556,1,4.242,3.242
557,1,4.242,3.242
558,1,4.242,3.242
559,1,0.689,-0.311
560,1,4.242,3.242
561,1,4.242,3.242
562,1,4.242,3.242
563,1,4.242,3.242
564,1,4.242,3.242
565,1,4.242,3.242
566,1,4.242,3.242
567,1,4.242,3.242
568,1,4.242,3.242
569,1,4.242,3.242
570,1,4.242,3.242
571,1,0.689,-0.311
572,1,4.242,3.242
573,1,4.242,3.242
574,1,4.242,3.242
575,1,0.689,-0.311
576,1,4.242,3.242
577,1,4.242,3.242
578,1,0.689,-0.311
579,1,4.242,3.242
580,1,0.689,-0.311
581,1,4.242,3.242
582,1,4.242,3.242
583,1,4.242,3.242
584,1,4.242,3.242
585,1,4.242,3.242
586,1,4.242,3.242
587,1,4.242,3.242
588,1,4.242,3.242
589,1,4.242,3.242
590,1,4.242,3.242
591,1,4.242,3.242
592,1,4.242,3.242
593,1,4.242,3.242
594,1,4.242,3.242
595,1,4.242,3.242
596,1,4.242,3.242
597,1,4.242,3.242
598,1,4.242,3.242
599,1,4.242,3.242
600,1,0.689,-0.311
601,20.4,20.422,0.022
602,20.2,20.48,0.28
603,20.2,20.48,0.28
604,20.2,20.422,0.222
605,20.2,20.48,0.28
606,20.2,20.48,0.28
607,20.2,20.48,0.28
608,20.4,20.48,0.08
609,20.2,20.48,0.28
610,20.2,20.48,0.28
611,20.2,20.48,0.28
612,20.2,20.48,0.28
613,20.2,20.48,0.28
614,20.2,20.48,0.28
615,20.2,20.48,0.28
616,20.4,20.48,0.08
617,20.2,20.422,0.222
618,20.2,20.48,0.28
619,20.2,20.48,0.28
620,20.2,20.422,0.222
621,20.2,20.422,0.222
622,20.2,20.422,0.222
623,20.2,20.422,0.222
624,20.2,20.422,0.222
625,20.2,20.422,0.222
626,20.4,20.422,0.022
627,20.2,20.422,0.222
628,20.2,20.422,0.222
629,20.2,20.422,0.222
630,20.2,20.48,0.28
631,20.2,20.48,0.28
632,20.4,20.48,0.08
633,20.2,20.422,0.222
634,20.2,20.48,0.28
635,20.2,20.48,0.28
636,20.2,20.422,0.222
637,20.4,20.422,0.022
638,20.2,20.48,0.28
639,20.4,20.48,0.08
640,20.2,20.48,0.28
641,20.2,20.48,0.28
642,20.2,20.422,0.222
643,20.2,20.48,0.28
644,20.2,20.48,0.28
645,20.4,20.48,0.08
646,20.2,20.48,0.28
647,20.2,20.48,0.28
648,20.2,20.48,0.28
649,20.2,20.48,0.28
650,23.8,20.48,-3.32
651,20.2,20.422,0.222
652,20.2,20.48,0.28
653,20.2,20.48,0.28
654,20.2,20.48,0.28
655,20.4,20.48,0.08
656,20.2,20.48,0.28
657,20.2,20.48,0.28
658,20.2,20.422,0.222
659,20.2,20.422,0.222
660,20.2,20.422,0.222
661,1,0.439,-0.561
662,1,0.439,-0.561
663,1,0.439,-0.561
664,1,0.439,-0.561
665,1,0.439,-0.561
666,1,0.439,-0.561
667,1,0.439,-0.561
668,1,0.439,-0.561
669,1,0.439,-0.561
670,1,0.439,-0.561
671,1,0.439,-0.561
672,1,0.439,-0.561
673,1,0.439,-0.561
674,1,0.439,-0.561
675,1,0.439,-0.561
676,1,0.439,-0.561
677,1,0.439,-0.561
678,1,0.439,-0.561
679,1,0.439,-0.561
680,1,0.439,-0.561
681,1,0.439,-0.561
682,1,0.439,-0.561
683,1,0.439,-0.561
684,1,0.439,-0.561
685,1,0.439,-0.561
686,1,0.439,-0.561
687,1,0.439,-0.561
688,1,0.439,-0.561
689,1,0.439,-0.561
690,1,0.439,-0.561
691,1,0.439,-0.561
692,1,0.439,-0.561
693,1,0.439,-0.561
694,1,0.439,-0.561
695,1,0.439,-0.561
696,1,0.439,-0.561
697,1,0.439,-0.561
698,1,0.439,-0.561
699,1,0.439,-0.561
700,1,0.439,-0.561
701,1,0.439,-0.561
702,1,0.439,-0.561
703,1,0.439,-0.561
704,1,0.439,-0.561
705,1,0.439,-0.561
706,1,0.439,-0.561
707,1,0.439,-0.561
708,1,0.439,-0.561
709,1,0.439,-0.561
710,1,0.439,-0.561
711,1,0.439,-0.561
712,1,0.439,-0.561
713,1,0.439,-0.561
714,1,0.439,-0.561
715,1,0.439,-0.561
716,1,0.439,-0.561
717,1,0.439,-0.561
718,1,0.439,-0.561
719,1,0.439,-0.561
720,1,0.439,-0.561
721,282,4.543,-277.457
722,1,4.543,3.543
723,312.8,4.543,-308.257
724,1,4.543,3.543
725,205.4,4.543,-200.857
726,1,4.543,3.543
727,511.4,4.543,-506.857
728,327.8,4.543,-323.257
729,1,4.543,3.543
730,59.6,4.543,-55.057
731,1,4.543,3.543
732,1,4.543,3.543
733,1,4.543,3.543
734,111.2,4.543,-106.657
735,18,4.543,-13.457
736,8.4,4.543,-3.857
737,549.8,4.543,-545.257
738,1,4.543,3.543
739,15980.6,4.543,-15976.057
740,87.4,4.543,-82.857
741,25,4.543,-20.457
742,11.8,4.543,-7.257
743,17.2,4.543,-12.657
744,29.2,4.543,-24.657
745,7,4.543,-2.457
746,18.4,4.543,-13.857
747,1,4.543,3.543
748,1,4.543,3.543
749,1,4.543,3.543
750,263,4.543,-258.457
751,17,4.543,-12.457
752,1,4.543,3.543
753,1,4.543,3.543
754,41.8,4.543,-37.257
755,4,4.543,0.543
756,3,4.543,1.543
757,4,4.543,0.543
758,8,4.543,-3.457
759,5,4.543,-0.457
760,3,4.543,1.543
761,8,4.543,-3.457
762,10,4.543,-5.457
763,13,4.543,-8.457
764,13.2,4.543,-8.657
765,4,4.543,0.543
766,7,4.543,-2.457
767,2.8,4.543,1.743
768,3,4.543,1.543
769,4,4.543,0.543
770,2,4.543,2.543
771,4,4.543,0.543
772,1,4.543,3.543
773,1,4.543,3.543
774,1,4.543,3.543
775,1,4.543,3.543
776,1,4.543,3.543
777,10.2,4.543,-5.657
778,8.6,4.543,-4.057
779,12.2,4.543,-7.657
780,115.2,4.543,-110.657
781,34397,50.989,-34346.011
782,386,50.989,-335.011
783,55,50.989,-4.011
784,18.8,50.989,32.189
785,28.6,50.989,22.389
786,3442.8,50.989,-3391.811
787,1186.2,50.989,-1135.211
788,778.4,50.989,-727.411
789,90.4,50.989,-39.411
790,32.2,50.989,18.789
791,26.2,50.989,24.789
792,11677.2,50.989,-11626.211
793,7,50.989,43.989
794,15.2,50.989,35.789
795,250.4,50.989,-199.411
796,5.6,50.989,45.389
797,16.6,50.989,34.389
798,39,50.989,11.989
799,11.4,50.989,39.589
800,127.6,50.989,-76.611
801,19.8,50.989,31.189
802,10578.8,50.989,-10527.811
803,2693.8,50.989,-2642.811
804,25.8,50.989,25.189
805,33.6,50.989,17.389
806,851.2,50.989,-800.211
807,111.8,50.989,-60.811
808,20.8,50.989,30.189
809,13.2,50.989,37.789
810,51.6,50.989,-0.611
811,5,50.989,45.989
812,359,50.989,-308.011
813,7941.6,50.989,-7890.611
814,10425.8,50.989,-10374.811
815,281.6,50.989,-230.611
816,34.8,50.989,16.189
817,31.2,50.989,19.789
818,8,50.989,42.989
819,57,50.989,-6.011
820,19,50.989,31.989
821,186.4,50.989,-135.411
822,821,50.989,-770.011
823,17.2,50.989,33.789
824,173.4,50.989,-122.411
825,18,50.989,32.989
826,13,50.989,37.989
827,11.6,50.989,39.389
828,561.4,50.989,-510.411
829,2336.8,50.989,-2285.811
830,393.8,50.989,-342.811
831,33.8,50.989,17.189
832,8,50.989,42.989
833,75.2,50.989,-24.211
834,421.4,50.989,-370.411
835,32.2,50.989,18.789
836,101.8,50.989,-50.811
837,47.8,50.989,3.189
838,26.2,50.989,24.789
839,5.8,50.989,45.189
840,356.4,50.989,-305.411
841,8,2.799,-5.201
842,15,2.799,-12.201
843,3,2.799,-0.201
844,2,2.799,0.799
845,3,2.799,-0.201
846,2,2.799,0.799
847,2,2.799,0.799
848,2,2.799,0.799
849,2,2.799,0.799
850,2,2.799,0.799
851,4,2.799,-1.201
852,2,2.799,0.799
853,3,2.799,-0.201
854,15,2.799,-12.201
855,286.6,2.799,-283.801
856,5,2.799,-2.201
857,3,2.799,-0.201
858,2,2.799,0.799
859,2,2.799,0.799
860,26.4,2.799,-23.601
861,2,2.799,0.799
862,2,2.799,0.799
863,10,2.799,-7.201
864,2,2.799,0.799
865,3,2.799,-0.201
866,2,2.799,0.799
867,6,2.799,-3.201
868,4.8,2.799,-2.001
869,5818.2,2.799,-5815.401
870,4,2.799,-1.201
871,2,2.799,0.799
872,3.6,2.799,-0.801
873,36.4,2.799,-33.601
874,6,2.799,-3.201
875,3,2.799,-0.201
876,16,2.799,-13.201
877,6.4,2.799,-3.601
878,2,2.799,0.799
879,2,2.799,0.799
880,3,2.799,-0.201
881,2,2.799,0.799
882,2,2.799,0.799
883,2,2.799,0.799
884,3,2.799,-0.201
885,4,2.799,-1.201
886,2,2.799,0.799
887,2,2.799,0.799
888,2,2.799,0.799
889,2,2.799,0.799
890,32,2.799,-29.201
891,2,2.799,0.799
892,2,2.799,0.799
893,2,2.799,0.799
894,2,2.799,0.799
895,3,2.799,-0.201
896,3,2.799,-0.201
897,2,2.799,0.799
898,22.2,2.799,-19.401
899,2,2.799,0.799
900,2,2.799,0.799
901,1,1.279,0.279
902,1,1.279,0.279
903,1,1.279,0.279
904,1,1.279,0.279
905,1,1.279,0.279
906,1,1.279,0.279
907,1,1.279,0.279
908,1,1.279,0.279
909,1,1.279,0.279
910,1,1.279,0.279
911,1,1.279,0.279
912,1,1.279,0.279
913,1,1.279,0.279
914,1,1.279,0.279
915,1,1.279,0.279
916,1,1.279,0.279
917,1,1.279,0.279
918,1,1.279,0.279
919,1,1.279,0.279
920,1,1.279,0.279
921,1,1.279,0.279
922,1,1.279,0.279
923,1,1.279,0.279
924,1,1.279,0.279
925,1,1.279,0.279
926,1,1.279,0.279
927,1,1.279,0.279
928,1,1.279,0.279
929,1,1.279,0.279
930,1,1.279,0.279
931,1,1.279,0.279
932,1,1.279,0.279
933,1,1.279,0.279
934,1,1.279,0.279
935,1,1.279,0.279
936,1,1.279,0.279
937,1,1.279,0.279
938,1,1.279,0.279
939,1,1.279,0.279
940,1,1.279,0.279
941,1,1.279,0.279
942,1,1.279,0.279
943,1,1.279,0.279
944,1,1.279,0.279
945,1,1.279,0.279
946,1,1.279,0.279
947,1,1.279,0.279
948,1,1.279,0.279
949,1,1.279,0.279
950,1,1.279,0.279
951,1,1.279,0.279
952,1,1.279,0.279
953,1,1.279,0.279
954,1,1.279,0.279
955,1,1.279,0.279
956,1,1.279,0.279
957,1,1.279,0.279
958,1,1.279,0.279
959,1,1.279,0.279
960,1,1.279,0.279
961,1,5.9,4.9
962,1,2.041,1.041
963,2,5.9,3.9
964,6.2,5.9,-0.3
965,8,2.041,-5.959
966,1.2,5.9,4.7
967,1,5.9,4.9
968,1,5.9,4.9
969,1,5.9,4.9
970,1,2.041,1.041
971,5,2.041,-2.959
972,1,5.9,4.9
973,2,5.9,3.9
974,1,2.041,1.041
975,1,5.9,4.9
976,1,2.041,1.041
977,1,5.9,4.9
978,1,5.9,4.9
979,1,2.041,1.041
980,6.2,5.9,-0.3
981,1,2.041,1.041
982,4,5.9,1.9
983,1,5.9,4.9
984,0.8,5.9,5.1
985,1,5.9,4.9
986,1,5.9,4.9
987,1,2.041,1.041
988,1,2.041,1.041
989,1,5.9,4.9
990,0.2,5.9,5.7
991,1.2,2.041,0.841
992,1.2,5.9,4.7
993,0.2,0.745,0.545
994,0.4,5.9,5.5
995,68.2,2.041,-66.159
996,1.8,5.9,4.1
997,1,5.9,4.9
998,1,5.9,4.9
999,1,5.9,4.9
1000,3,5.9,2.9
1001,1,2.041,1.041
1002,1,5.9,4.9
1003,1,2.041,1.041
1004,2,5.9,3.9
1005,1,5.9,4.9
1006,1,5.9,4.9
1007,4,5.9,1.9
1008,0.8,5.9,5.1
1009,2,5.9,3.9
1010,1,2.041,1.041
1011,1,5.9,4.9
1012,0.8,2.041,1.241
1013,1,2.041,1.041
1014,1,0.745,-0.255
1015,1,5.9,4.9
1016,1,5.9,4.9
1017,1,5.9,4.9
1018,1,2.041,1.041
1019,15.6,5.9,-9.7
1020,0.6,5.9,5.3
1021,19.6,19.467,-0.133
1022,19.4,19.467,0.067
1023,19.6,19.467,-0.133
1024,19.4,19.467,0.067
1025,19.4,19.467,0.067
1026,19.6,19.467,-0.133
1027,19.6,19.467,-0.133
1028,19.4,19.467,0.067
1029,19.2,19.467,0.267
1030,19.6,19.467,-0.133
1031,19.4,19.467,0.067
1032,19.4,19.467,0.067
1033,358.8,19.467,-339.333
1034,19.4,19.467,0.067
1035,19.6,19.467,-0.133
1036,19.6,19.467,-0.133
1037,21,19.467,-1.533
1038,19.8,19.467,-0.333
1039,19.6,19.467,-0.133
1040,19.4,19.467,0.067
1041,19.4,19.467,0.067
1042,19.4,19.467,0.067
1043,19.4,19.467,0.067
1044,19.4,19.467,0.067
1045,19.6,19.467,-0.133
1046,19.6,19.467,-0.133
1047,19.6,19.467,-0.133
1048,19.6,19.467,-0.133
1049,19.6,19.467,-0.133
1050,19.6,19.467,-0.133
1051,19.2,19.467,0.267
1052,19.6,19.467,-0.133
1053,21.2,19.467,-1.733
1054,19.4,19.467,0.067
1055,19.6,19.467,-0.133
1056,19.6,19.467,-0.133
1057,19.4,19.467,0.067
1058,19.4,19.467,0.067
1059,19.6,19.467,-0.133
1060,19.6,19.467,-0.133
1061,19.6,19.467,-0.133
1062,569.2,19.467,-549.733
1063,19.6,19.467,-0.133
1064,19.4,19.467,0.067
1065,19.4,19.467,0.067
1066,19.4,19.467,0.067
1067,19.4,19.467,0.067
1068,19.4,19.467,0.067
1069,19.4,19.467,0.067
1070,19.2,19.467,0.267
1071,19.4,19.467,0.067
1072,19.4,19.467,0.067
1073,19.6,19.467,-0.133
1074,19.4,19.467,0.067
1075,19.4,19.467,0.067
1076,19.4,19.467,0.067
1077,19.4,19.467,0.067
1078,19.6,19.467,-0.133
1079,19.2,19.467,0.267
1080,19.4,19.467,0.067
1081,3903,30.408,-3872.592
1082,46.6,30.408,-16.192
1083,152.8,30.408,-122.392
1084,1482.2,30.408,-1451.792
1085,59.6,30.408,-29.192
1086,30,30.408,0.408
1087,901.8,30.408,-871.392
1088,82.6,30.408,-52.192
1089,79.2,30.408,-48.792
1090,20.6,30.408,9.808
1091,26.6,30.408,3.808
1092,455.4,30.408,-424.992
1093,1425,30.408,-1394.592
1094,37.6,30.408,-7.192
1095,236.6,30.408,-206.192
1096,1364.8,30.408,-1334.392
1097,117.2,30.408,-86.792
1098,33.8,30.408,-3.392
1099,64,30.408,-33.592
1100,11,30.408,19.408
1101,21.6,30.408,8.808
1102,4,30.408,26.408
1103,284.8,30.408,-254.392
1104,3,30.408,27.408
1105,1351.8,30.408,-1321.392
1106,173.2,30.408,-142.792
1107,7,30.408,23.408
1108,69,30.408,-38.592
1109,17.2,30.408,13.208
1110,41,30.408,-10.592
1111,46.6,30.408,-16.192
1112,32.6,30.408,-2.192
1113,27.8,30.408,2.608
1114,8.6,30.408,21.808
1115,14.8,30.408,15.608
1116,2,30.408,28.408
1117,3,30.408,27.408
1118,354.2,30.408,-323.792
1119,32.2,30.408,-1.792
1120,35.2,30.408,-4.792
1121,10.2,30.408,20.208
1122,147.6,30.408,-117.192
1123,245.8,30.408,-215.392
1124,2,30.408,28.408
1125,110.2,30.408,-79.792
1126,55.6,30.408,-25.192
1127,35.6,30.408,-5.192
1128,464.2,30.408,-433.792
1129,2.2,30.408,28.208
1130,36.8,30.408,-6.392
1131,23.6,30.408,6.808
1132,6,30.408,24.408
1133,22.8,30.408,7.608
1134,19.6,30.408,10.808
1135,27.6,30.408,2.808
1136,14.6,30.408,15.808
1137,27.6,30.408,2.808
1138,10,30.408,20.408
1139,34.2,30.408,-3.792
1140,24.6,30.408,5.808
1141,762.4,22.875,-739.525
1142,835,26.663,-808.337
1143,539.6,26.663,-512.937
1144,15.6,22.875,7.275
1145,21,22.875,1.875
1146,89.4,22.875,-66.525
1147,14.2,22.875,8.675
1148,4,22.875,18.875
1149,9,22.875,13.875
1150,29.2,26.663,-2.537
1151,28,22.875,-5.125
1152,37.4,22.875,-14.525
1153,100,22.875,-77.125
1154,15.6,22.875,7.275
1155,35.8,22.875,-12.925
1156,27.8,22.875,-4.925
1157,6,22.875,16.875
1158,15.6,26.663,11.063
1159,15.6,22.875,7.275
1160,22.6,22.875,0.275
1161,29,22.875,-6.125
1162,18.6,22.875,4.275
1163,13,22.875,9.875
1164,26.6,22.875,-3.725
1165,29.4,22.875,-6.525
1166,12,22.875,10.875
1167,7,22.875,15.875
1168,6,22.875,16.875
1169,34.6,22.875,-11.725
1170,22.6,22.875,0.275
1171,7.6,22.875,15.275
1172,4,22.875,18.875
1173,19.6,22.875,3.275
1174,23.6,22.875,-0.725
1175,18.2,22.875,4.675
1176,39.8,22.875,-16.925
1177,9,22.875,13.875
1178,108.6,22.875,-85.725
1179,55.8,22.875,-32.925
1180,29.2,22.875,-6.325
1181,13.6,22.875,9.275
1182,14.4,22.875,8.475
1183,14.4,22.875,8.475
1184,5,22.875,17.875
1185,19.4,22.875,3.475
1186,23.2,26.663,3.463
1187,10.6,22.875,12.275
1188,5,22.875,17.875
1189,24.4,22.875,-1.525
1190,1.6,26.663,25.063
1191,32.6,22.875,-9.725
1192,11.8,22.875,11.075
1193,4,22.875,18.875
1194,14.4,26.663,12.263
1195,26.2,22.875,-3.325
1196,20.4,26.663,6.263
1197,23.4,22.875,-0.525
1198,22.4,22.875,0.475
1199,27.4,26.663,-0.737
1200,19.4,22.875,3.475
1201,1245.2,833.965,-411.235
1202,834.4,833.965,-0.435
1203,517.8,833.965,316.165
1204,527.4,833.965,306.565
1205,536.6,833.965,297.365
1206,532,833.965,301.965
1207,492.6,829.536,336.936
1208,523,829.536,306.536
1209,550.8,903.06,352.26
1210,1687.8,550.943,-1136.857
1211,1666,550.943,-1115.057
1212,1643,691.398,-951.602
1213,532.6,550.943,18.343
1214,551.4,550.943,-0.457
1215,508,691.398,183.398
1216,909.2,690.496,-218.704
1217,903.2,903.06,-0.14
1218,896.6,690.496,-206.104
1219,881.8,829.536,-52.264
1220,5822,550.943,-5271.057
1221,530.8,550.943,20.143
1222,6450.4,632.713,-5817.687
1223,3976.4,550.943,-3425.457
1224,5551.2,550.943,-5000.257
1225,884.8,550.943,-333.857
1226,481.4,691.398,209.998
1227,876.4,691.398,-185.002
1228,471.6,550.943,79.343
1229,845.4,550.943,-294.457
1230,504.4,550.943,46.543
1231,1271.4,691.398,-580.002
1232,1262.8,833.965,-428.835
1233,1261.8,833.965,-427.835
1234,1261.4,829.536,-431.864
1235,530.4,531.593,1.193
1236,528.2,680.266,152.066
1237,519,531.593,12.593
1238,494.8,642.357,147.557
1239,477.8,531.593,53.793
1240,524.2,550.943,26.743
1241,522,691.398,169.398
1242,524.4,550.943,26.543
1243,505.2,691.398,186.198
1244,479,550.943,71.943
1245,3109.4,833.965,-2275.435
1246,3190.8,833.965,-2356.835
1247,3100.4,829.536,-2270.864
1248,1266,903.06,-362.94
1249,1653.2,690.496,-962.704
1250,1623.4,903.06,-720.34
1251,1644,690.496,-953.504
1252,1599.4,690.496,-908.904
1253,1275.2,903.06,-372.14
1254,865,903.06,38.06
1255,474.8,690.496,215.696
1256,496.8,833.965,337.165
1257,527.4,833.965,306.565
1258,515.2,903.06,387.86
1259,520,690.496,170.496
1260,471,690.496,219.496
