7448
79
179
89
57
49
38
58
61
49
34
39
44
36
31
45
41
38
41
28
32
21
38
37
30
83
24
96
24
28
34
29
23
23
28
26
45
21
22
25
20
24
22
22
26
24
40
22
25
27
26
27
19
40
23
34
43
35
21
28
48
21
21
30
19
65
21
24
22
23
537
20
17
23
21
22
24
26
39
18
49
18
18
20
16
16
22
16
21
23
21
21
23
17
17
18
16
22
18
26
19
23
16
51
22
17
19
19
16
19
15
21
20
19
30
15
31
19
21
14
21
18
18
21
18
26
28
16
35
34
20
57
22
16
19
13
17
20
20
16
14
19
20
25
252
17
16
19
17
24
15
17
21
18
16
20
19
26
67
26
21
16
14
34
39
51
25
29
251
15
13
18
20
27
18
17
14
15
246
13
19
14
13
14
15
25
20
15
18
17
13
14
24
24
14
18
19
17
15
18
15
50
17
18
29
19
16
15
14
14
16
25
15
14
18
16
14
30
14
21
24
13
14
17
13
