0.406836986542
0.00677680969238
0.00611805915833
0.021919965744
0.00669002532959
0.00630497932434
0.00550007820129
0.00834608078003
0.00679302215576
0.00604009628296
0.00563597679138
0.00620698928833
0.005784034729
0.00719714164734
0.00785803794861
0.00705099105835
0.00704884529114
0.00615310668945
0.00607490539551
0.00720691680908
0.00603318214417
0.00670790672302
0.383005142212
0.00638484954834
0.0069580078125
0.00629806518555
0.00624799728394
0.0538201332092
0.00635099411011
0.00563311576843
0.00588011741638
0.0072329044342
0.00611090660095
0.00632905960083
0.00778293609619
0.00626611709595
0.00599694252014
0.0194940567017
0.00726008415222
0.00612092018127
0.00593686103821
0.00595307350159
0.0072009563446
0.00623989105225
0.00605797767639
0.00838708877563
0.00619196891785
0.0062940120697
0.15500497818
0.00635504722595
0.00571990013123
0.00664114952087
0.0127861499786
0.00672793388367
0.00587296485901
0.00633811950684
0.00578689575195
0.106321811676
0.00664591789246
0.00664615631104
0.00674700737
0.00674104690552
0.00567412376404
0.00658488273621
0.0121140480042
0.00627112388611
0.105351924896
0.00634622573853
0.00574207305908
0.007572889328
0.00892996788025
0.00646090507507
0.00608611106873
0.00720191001892
0.00681900978088
0.038341999054
0.00723099708557
0.00720000267029
0.00650906562805
0.0347220897675
0.0059220790863
0.00639605522156
0.00612187385559
0.00531601905823
0.00755786895752
0.00616693496704
0.0126080513
0.00595593452454
0.00754714012146
0.00670194625854
0.00705003738403
0.00741386413574
0.00620985031128
0.00708889961243
0.00688004493713
0.006422996521
0.00772500038147
0.00955986976624
0.00630497932434
