ex_time
1.0
1.0
1.0
1.0
1.0
1.0
1.0
1.0
1.0
1.0
1.0
1.0
1.0
1.0
1.0
1.0
1.0
1.0
1.0
1.0
1.0
1.0
1.0
1.0
1.0
1.0
1.0
1.0
1.0
1.0
1.0
1.0
1.0
1.0
1.0
1.0
1.0
1.0
1.0
1.0
1.0
1.0
1.0
1.0
1.0
1.0
1.0
1.0
1.0
1.0
1.0
1.0
1.0
1.0
1.0
1.0
1.0
1.0
1.0
1.0
20.066666666666666
20.066666666666666
20.066666666666666
20.066666666666666
20.066666666666666
20.097560975609756
20.097560975609756
20.097560975609756
20.097560975609756
20.097560975609756
20.097560975609756
20.097560975609756
20.097560975609756
20.097560975609756
20.097560975609756
20.097560975609756
20.097560975609756
20.097560975609756
21.6
21.6
21.6
21.6
21.6
21.6
20.097560975609756
20.097560975609756
20.097560975609756
20.097560975609756
21.6
20.081042660112267
20.097560975609756
20.097560975609756
20.097560975609756
21.6
21.6
20.097560975609756
20.097560975609756
20.097560975609756
20.097560975609756
20.097560975609756
20.097560975609756
20.097560975609756
20.097560975609756
20.097560975609756
20.097560975609756
20.097560975609756
20.097560975609756
20.097560975609756
20.097560975609756
20.097560975609756
20.097560975609756
21.6
20.066666666666666
20.097560975609756
21.6
20.097560975609756
20.097560975609756
20.097560975609756
21.6
20.097560975609756
8995.176923076922
9018.53661367226
9005.742857142857
8995.176923076922
8962.8
8962.8
9041.12
9041.12
9005.742857142857
9041.12
9005.742857142857
9018.53661367226
9041.12
8995.176923076922
8995.176923076922
9041.12
9012.855972617537
8995.176923076922
8995.176923076922
8995.176923076922
8995.176923076922
9012.855972617537
9012.855972617537
8995.176923076922
8995.176923076922
9041.12
8995.176923076922
8995.176923076922
9041.12
9005.742857142857
8995.176923076922
8962.8
9041.12
8995.176923076922
9041.12
9005.742857142857
9018.53661367226
8995.176923076922
9041.12
9005.742857142857
9041.12
8995.176923076922
9041.12
8995.176923076922
8962.8
8962.8
9041.12
8995.176923076922
8995.176923076922
8995.176923076922
8995.176923076922
8995.176923076922
8995.176923076922
8995.176923076922
9041.12
9018.53661367226
8995.176923076922
8995.176923076922
9005.742857142857
9041.12
71.4
52.8
52.8
33.75
33.75
33.75
33.75
33.75
73.2
77.01864242596773
40.7
54.31428571428572
44.733333333333334
44.733333333333334
54.31428571428572
44.733333333333334
44.733333333333334
44.733333333333334
73.2
40.7
77.01864242596773
40.7
71.4
33.75
33.75
71.4
71.4
33.75
73.2
68.56064241189364
40.7
54.31428571428572
44.733333333333334
44.733333333333334
53.054588727333886
54.31428571428572
44.733333333333334
44.733333333333334
53.054588727333886
44.733333333333334
54.31428571428572
44.733333333333334
51.80511893882221
54.31428571428572
44.733333333333334
73.2
68.56064241189364
40.7
50.79475874245325
73.2
40.7
50.79475874245325
71.4
52.8
52.8
71.4
52.8
69.80522839332696
52.8
54.31428571428572
173.63333333333333
173.63333333333333
173.63333333333333
173.63333333333333
173.63333333333333
173.63333333333333
173.63333333333333
173.63333333333333
173.63333333333333
173.63333333333333
173.63333333333333
173.63333333333333
173.63333333333333
173.63333333333333
173.63333333333333
173.63333333333333
173.63333333333333
173.63333333333333
173.63333333333333
173.63333333333333
173.63333333333333
173.63333333333333
173.63333333333333
173.63333333333333
173.63333333333333
173.63333333333333
173.63333333333333
173.63333333333333
173.63333333333333
173.63333333333333
173.63333333333333
173.63333333333333
173.63333333333333
173.63333333333333
173.63333333333333
173.63333333333333
173.63333333333333
173.63333333333333
173.63333333333333
173.63333333333333
173.63333333333333
173.63333333333333
173.63333333333333
173.63333333333333
173.63333333333333
173.63333333333333
173.63333333333333
173.63333333333333
173.63333333333333
173.63333333333333
173.63333333333333
173.63333333333333
173.63333333333333
173.63333333333333
173.63333333333333
173.63333333333333
173.63333333333333
173.63333333333333
173.63333333333333
173.63333333333333
5.346666666666667
5.346666666666667
5.346666666666667
5.346666666666667
5.346666666666667
5.346666666666667
5.346666666666667
5.346666666666667
5.346666666666667
5.346666666666667
5.346666666666667
5.346666666666667
5.346666666666667
5.346666666666667
5.346666666666667
5.346666666666667
5.346666666666667
5.346666666666667
5.346666666666667
5.346666666666667
5.346666666666667
5.346666666666667
5.346666666666667
5.346666666666667
5.346666666666667
5.346666666666667
5.346666666666667
5.346666666666667
5.346666666666667
5.346666666666667
5.346666666666667
5.346666666666667
5.346666666666667
5.346666666666667
5.346666666666667
5.346666666666667
5.346666666666667
5.346666666666667
5.346666666666667
5.346666666666667
5.346666666666667
5.346666666666667
5.346666666666667
5.346666666666667
5.346666666666667
5.346666666666667
5.346666666666667
5.346666666666667
5.346666666666667
5.346666666666667
5.346666666666667
5.346666666666667
5.346666666666667
5.346666666666667
5.346666666666667
5.346666666666667
5.346666666666667
5.346666666666667
5.346666666666667
5.346666666666667
167.97
167.97
167.97
167.97
167.97
167.97
167.97
167.97
167.97
167.97
167.97
167.97
167.97
167.97
167.97
167.97
167.97
167.97
167.97
167.97
167.97
167.97
167.97
167.97
167.97
167.97
167.97
167.97
167.97
167.97
167.97
167.97
167.97
167.97
167.97
167.97
167.97
167.97
167.97
167.97
167.97
167.97
167.97
167.97
167.97
167.97
167.97
167.97
167.97
167.97
167.97
167.97
167.97
167.97
167.97
167.97
167.97
167.97
167.97
167.97
179.70344827586206
176.53684210526316
179.70344827586206
176.35555555555555
179.70344827586206
176.53684210526316
179.70344827586206
176.3248289212285
179.70344827586206
179.70344827586206
179.70344827586206
179.70344827586206
179.70344827586206
179.70344827586206
179.70344827586206
179.70344827586206
179.70344827586206
179.70344827586206
179.70344827586206
179.70344827586206
179.70344827586206
179.70344827586206
179.70344827586206
179.70344827586206
179.70344827586206
179.70344827586206
179.70344827586206
179.70344827586206
179.70344827586206
179.70344827586206
176.53684210526316
176.53684210526316
176.53684210526316
176.53684210526316
176.53684210526316
176.53684210526316
176.53684210526316
176.53684210526316
176.53684210526316
176.53684210526316
179.1838202874541
179.70344827586206
179.70344827586206
176.53684210526316
176.53684210526316
179.70344827586206
176.3248289212285
176.53684210526316
176.35555555555555
176.35555555555555
176.35555555555555
176.35555555555555
176.35555555555555
176.35555555555555
176.35555555555555
176.35555555555555
176.53684210526316
176.53684210526316
176.53684210526316
176.53684210526316
5429.486666666667
5429.486666666667
5429.486666666667
5429.486666666667
5429.486666666667
5429.486666666667
5429.486666666667
5429.486666666667
5429.486666666667
5429.486666666667
5429.486666666667
5429.486666666667
5429.486666666667
5429.486666666667
5429.486666666667
5429.486666666667
5429.486666666667
5429.486666666667
5429.486666666667
5429.486666666667
5429.486666666667
5429.486666666667
5429.486666666667
5429.486666666667
5429.486666666667
5429.486666666667
5429.486666666667
5429.486666666667
5429.486666666667
5429.486666666667
5429.486666666667
5429.486666666667
5429.486666666667
5429.486666666667
5429.486666666667
5429.486666666667
5429.486666666667
5429.486666666667
5429.486666666667
5429.486666666667
5429.486666666667
5429.486666666667
5429.486666666667
5429.486666666667
5429.486666666667
5429.486666666667
5429.486666666667
5429.486666666667
5429.486666666667
5429.486666666667
5429.486666666667
5429.486666666667
5429.486666666667
5429.486666666667
5429.486666666667
5429.486666666667
5429.486666666667
5429.486666666667
5429.486666666667
5429.486666666667
1.0
1.0
1.0
1.0
1.0
1.0
1.0
1.0
1.0
1.0
1.0
1.0
1.0
1.0
1.0
1.0
1.0
1.0
1.0
1.0
1.0
1.0
1.0
1.0
1.0
1.0
1.0
1.0
1.0
1.0
1.0
1.0
1.0
1.0
1.0
1.0
1.0
1.0
1.0
1.0
1.0
1.0
1.0
1.0
1.0
1.0
1.0
1.0
1.0
1.0
1.0
1.0
1.0
1.0
1.0
1.0
1.0
1.0
1.0
1.0
20.228571428571428
20.323076923076922
20.323076923076922
20.228571428571428
20.323076923076922
20.323076923076922
20.323076923076922
20.323076923076922
20.323076923076922
20.323076923076922
20.323076923076922
20.323076923076922
20.323076923076922
20.323076923076922
20.323076923076922
20.323076923076922
20.228571428571428
20.323076923076922
20.323076923076922
20.228571428571428
20.228571428571428
20.228571428571428
20.228571428571428
20.228571428571428
20.228571428571428
20.228571428571428
20.228571428571428
20.228571428571428
20.228571428571428
20.323076923076922
20.323076923076922
20.323076923076922
20.228571428571428
20.323076923076922
20.323076923076922
20.228571428571428
20.228571428571428
20.323076923076922
20.323076923076922
20.323076923076922
20.323076923076922
20.228571428571428
20.323076923076922
20.323076923076922
20.323076923076922
20.323076923076922
20.323076923076922
20.323076923076922
20.323076923076922
20.323076923076922
20.228571428571428
20.323076923076922
20.323076923076922
20.323076923076922
20.323076923076922
20.323076923076922
20.323076923076922
20.228571428571428
20.228571428571428
20.228571428571428
1.0
1.0
1.0
1.0
1.0
1.0
1.0
1.0
1.0
1.0
1.0
1.0
1.0
1.0
1.0
1.0
1.0
1.0
1.0
1.0
1.0
1.0
1.0
1.0
1.0
1.0
1.0
1.0
1.0
1.0
1.0
1.0
1.0
1.0
1.0
1.0
1.0
1.0
1.0
1.0
1.0
1.0
1.0
1.0
1.0
1.0
1.0
1.0
1.0
1.0
1.0
1.0
1.0
1.0
1.0
1.0
1.0
1.0
1.0
1.0
319.1166666666667
319.1166666666667
319.1166666666667
319.1166666666667
319.1166666666667
319.1166666666667
319.1166666666667
319.1166666666667
319.1166666666667
319.1166666666667
319.1166666666667
319.1166666666667
319.1166666666667
319.1166666666667
319.1166666666667
319.1166666666667
319.1166666666667
319.1166666666667
319.1166666666667
319.1166666666667
319.1166666666667
319.1166666666667
319.1166666666667
319.1166666666667
319.1166666666667
319.1166666666667
319.1166666666667
319.1166666666667
319.1166666666667
319.1166666666667
319.1166666666667
319.1166666666667
319.1166666666667
319.1166666666667
319.1166666666667
319.1166666666667
319.1166666666667
319.1166666666667
319.1166666666667
319.1166666666667
319.1166666666667
319.1166666666667
319.1166666666667
319.1166666666667
319.1166666666667
319.1166666666667
319.1166666666667
319.1166666666667
319.1166666666667
319.1166666666667
319.1166666666667
319.1166666666667
319.1166666666667
319.1166666666667
319.1166666666667
319.1166666666667
319.1166666666667
319.1166666666667
319.1166666666667
319.1166666666667
1529.9366666666667
1529.9366666666667
1529.9366666666667
1529.9366666666667
1529.9366666666667
1529.9366666666667
1529.9366666666667
1529.9366666666667
1529.9366666666667
1529.9366666666667
1529.9366666666667
1529.9366666666667
1529.9366666666667
1529.9366666666667
1529.9366666666667
1529.9366666666667
1529.9366666666667
1529.9366666666667
1529.9366666666667
1529.9366666666667
1529.9366666666667
1529.9366666666667
1529.9366666666667
1529.9366666666667
1529.9366666666667
1529.9366666666667
1529.9366666666667
1529.9366666666667
1529.9366666666667
1529.9366666666667
1529.9366666666667
1529.9366666666667
1529.9366666666667
1529.9366666666667
1529.9366666666667
1529.9366666666667
1529.9366666666667
1529.9366666666667
1529.9366666666667
1529.9366666666667
1529.9366666666667
1529.9366666666667
1529.9366666666667
1529.9366666666667
1529.9366666666667
1529.9366666666667
1529.9366666666667
1529.9366666666667
1529.9366666666667
1529.9366666666667
1529.9366666666667
1529.9366666666667
1529.9366666666667
1529.9366666666667
1529.9366666666667
1529.9366666666667
1529.9366666666667
1529.9366666666667
1529.9366666666667
1529.9366666666667
106.99333333333334
106.99333333333334
106.99333333333334
106.99333333333334
106.99333333333334
106.99333333333334
106.99333333333334
106.99333333333334
106.99333333333334
106.99333333333334
106.99333333333334
106.99333333333334
106.99333333333334
106.99333333333334
106.99333333333334
106.99333333333334
106.99333333333334
106.99333333333334
106.99333333333334
106.99333333333334
106.99333333333334
106.99333333333334
106.99333333333334
106.99333333333334
106.99333333333334
106.99333333333334
106.99333333333334
106.99333333333334
106.99333333333334
106.99333333333334
106.99333333333334
106.99333333333334
106.99333333333334
106.99333333333334
106.99333333333334
106.99333333333334
106.99333333333334
106.99333333333334
106.99333333333334
106.99333333333334
106.99333333333334
106.99333333333334
106.99333333333334
106.99333333333334
106.99333333333334
106.99333333333334
106.99333333333334
106.99333333333334
106.99333333333334
106.99333333333334
106.99333333333334
106.99333333333334
106.99333333333334
106.99333333333334
106.99333333333334
106.99333333333334
106.99333333333334
106.99333333333334
106.99333333333334
106.99333333333334
1.0
1.0
1.0
1.0
1.0
1.0
1.0
1.0
1.0
1.0
1.0
1.0
1.0
1.0
1.0
1.0
1.0
1.0
1.0
1.0
1.0
1.0
1.0
1.0
1.0
1.0
1.0
1.0
1.0
1.0
1.0
1.0
1.0
1.0
1.0
1.0
1.0
1.0
1.0
1.0
1.0
1.0
1.0
1.0
1.0
1.0
1.0
1.0
1.0
1.0
1.0
1.0
1.0
1.0
1.0
1.0
1.0
1.0
1.0
1.0
1.9
5.344444444444444
1.9
1.9
5.344444444444444
1.9
1.9
1.9
1.9
5.344444444444444
5.344444444444444
1.9
1.9
5.344444444444444
1.9
5.344444444444444
1.9
1.9
5.344444444444444
1.9
5.344444444444444
1.9
1.9
1.9
1.9
1.9
5.344444444444444
5.344444444444444
1.9
1.9
5.344444444444444
1.9
0.9203185064611648
1.9
5.344444444444444
1.9
1.9
1.9
1.9
1.9
5.344444444444444
1.9
5.344444444444444
1.9
1.9
1.9
1.9
1.9
1.9
5.344444444444444
1.9
5.344444444444444
5.344444444444444
0.9203185064611648
1.9
1.9
1.9
5.344444444444444
1.9
1.9
34.346666666666664
34.346666666666664
34.346666666666664
34.346666666666664
34.346666666666664
34.346666666666664
34.346666666666664
34.346666666666664
34.346666666666664
34.346666666666664
34.346666666666664
34.346666666666664
34.346666666666664
34.346666666666664
34.346666666666664
34.346666666666664
34.346666666666664
34.346666666666664
34.346666666666664
34.346666666666664
34.346666666666664
34.346666666666664
34.346666666666664
34.346666666666664
34.346666666666664
34.346666666666664
34.346666666666664
34.346666666666664
34.346666666666664
34.346666666666664
34.346666666666664
34.346666666666664
34.346666666666664
34.346666666666664
34.346666666666664
34.346666666666664
34.346666666666664
34.346666666666664
34.346666666666664
34.346666666666664
34.346666666666664
34.346666666666664
34.346666666666664
34.346666666666664
34.346666666666664
34.346666666666664
34.346666666666664
34.346666666666664
34.346666666666664
34.346666666666664
34.346666666666664
34.346666666666664
34.346666666666664
34.346666666666664
34.346666666666664
34.346666666666664
34.346666666666664
34.346666666666664
34.346666666666664
34.346666666666664
239.68
239.68
239.68
239.68
239.68
239.68
239.68
239.68
239.68
239.68
239.68
239.68
239.68
239.68
239.68
239.68
239.68
239.68
239.68
239.68
239.68
239.68
239.68
239.68
239.68
239.68
239.68
239.68
239.68
239.68
239.68
239.68
239.68
239.68
239.68
239.68
239.68
239.68
239.68
239.68
239.68
239.68
239.68
239.68
239.68
239.68
239.68
239.68
239.68
239.68
239.68
239.68
239.68
239.68
239.68
239.68
239.68
239.68
239.68
239.68
38.53333333333333
167.37777777777777
167.37777777777777
38.53333333333333
38.53333333333333
38.53333333333333
38.53333333333333
38.53333333333333
38.53333333333333
167.37777777777777
38.53333333333333
38.53333333333333
38.53333333333333
38.53333333333333
38.53333333333333
38.53333333333333
38.53333333333333
167.37777777777777
38.53333333333333
38.53333333333333
38.53333333333333
38.53333333333333
38.53333333333333
38.53333333333333
38.53333333333333
38.53333333333333
38.53333333333333
38.53333333333333
38.53333333333333
38.53333333333333
38.53333333333333
38.53333333333333
38.53333333333333
38.53333333333333
38.53333333333333
38.53333333333333
38.53333333333333
38.53333333333333
38.53333333333333
38.53333333333333
38.53333333333333
38.53333333333333
38.53333333333333
38.53333333333333
38.53333333333333
167.37777777777777
38.53333333333333
38.53333333333333
38.53333333333333
167.37777777777777
38.53333333333333
38.53333333333333
38.53333333333333
167.37777777777777
38.53333333333333
167.37777777777777
38.53333333333333
38.53333333333333
167.37777777777777
38.53333333333333
1170.2
1170.2
1170.2
1170.2
1170.2
1170.2
1251.84
1251.84
999.8285714285714
1636.8
1636.8
829.6285714285714
1636.8
1636.8
829.6285714285714
1021.025
999.8285714285714
1021.025
1251.84
1636.8
1636.8
3957.9076282263136
1636.8
1636.8
1636.8
829.6285714285714
829.6285714285714
1636.8
1636.8
1636.8
829.6285714285714
1170.2
1170.2
1251.84
704.3020199370021
821.2132469327481
704.3020199370021
736.3119431629145
704.3020199370021
1636.8
829.6285714285714
1636.8
829.6285714285714
1636.8
1170.2
1170.2
1251.84
999.8285714285714
1021.025
999.8285714285714
1021.025
1021.025
999.8285714285714
999.8285714285714
1021.025
1170.2
1170.2
999.8285714285714
1021.025
1021.025
