result
4
7
6
15
6
10
3
3
5
7
8
3
17
8
3
3
3
6
7
11
11
6
5
4
6
3
3
3
3
6
5
3
4
6
4
13
5
3
4
6
4
6
3
5
5
6
8
5
8
8
6
8
8
6
4
6
9
5
5
3
1
1
1
1
1
1
1
1
1
1
1
1
1
1
1
1
1
1
1
1
1
1
1
1
1
1
1
1
1
1
1
1
1
1
1
1
1
1
1
1
1
1
1
1
1
1
1
1
1
1
1
1
1
1
1
1
1
1
1
1
2
4
4
12
3
10
10
84
16
509
10
8
269
117
20
16
138
29
37
30
93
14
251
11
5
20
110
6
8
12
46
91
20
27
42
12
5
42
11
20
4
7
21
7
10
24
12
22
29
38
4
21
8
6
13
9
6
34
23
4
13
13
13
13
13
13
13
13
2
2
2
26
26
26
26
26
26
26
1
1
1
1
7
7
7
7
7
7
4
4
4
15
15
15
2
10
2
1
1
1
2
1
2
2
2
156
156
156
46
46
1
1
1
1
1
9
9
9
9
8
3238
3234
3230
3227
3223
3214
3207
3198
3193
3189
3185
3177
3175
3170
3165
3162
3155
3151
3146
3138
3134
3115
3113
3109
3104
3102
3092
3089
3087
3081
3079
3065
3064
3060
3059
3057
3050
3046
3043
3040
3038
3020
3018
3014
3012
3010
3006
3004
3003
3000
2976
2974
2972
2969
2963
2961
2959
2949
2948
2947
21
30
504
160
275
16
70
15
50
32
42
396
16
6
8
98
3
6
6
384
78
15
36
56
8
15
12
240
56
4
20
36
168
10
294
40
176
288
30
210
130
16
60
144
240
128
60
70
6
6
156
28
663
2
6
264
21
336
30
6
60447
60250
767
53236
60154
5
60154
59957
522
52951
59862
187
11
13
2
1
14
5
1
1
1
1
4
2
12
16
2
2
20005
3
1
1
1
63
4
1
1
1
5
1
2
1
26
1
3
1
5
6
2
1
3
1
1
1
3
2
2761
6
39324
32
4
4
4
4
4
4
4
4
4
4
4
4
4
4
4
4
4
4
4
6
6
6
6
6
6
6
6
6
6
6
2
2
2
2
2
2
2
2
2
2
2
2
2
2
2
2
2
2
2
2
2
2
2
2
2
2
2
2
2
2
2933
2933
2933
2933
2933
3012
3012
3012
3084
3122
3124
3120
3124
3124
3124
3124
3124
3124
3124
3124
3189
3210
3210
3210
3210
3210
3219
3219
3219
3210
3205
3217
3246
3253
3253
3253
3253
3253
3256
3248
3253
3254
3256
3256
3256
3256
3256
3256
3256
3256
3256
3256
3256
3256
3256
3256
3256
3256
3256
3256
1
1
1
1
1
1
1
1
1
1
9
14
2
1
7
3
1
12
14
1
2
18
6
8
4
1
4
2
6
13
6
1
9
3
2
12
5
1
9
2
1
2
3
1
7
5
6
4
4
12
2
1
2
6
1
5
2
7
1
2
1
1
1
1
1
1
1
1
1
1
1
1
1
1
1
1
1
1
1
1
1
1
1
1
1
1
1
1
1
1
1
1
1
1
1
1
1
1
1
1
1
1
1
1
1
1
1
1
1
1
1
1
1
1
1
1
1
1
1
1
2
1
2
1
1
1
1
1
1
1
2
1
2
1
2
1
2
1
1
1
1
1
1
1
1
1
1
1
1
1
1
2
1
1
2
2
1
2
1
1
2
1
2
1
1
1
1
1
1
1
1
1
1
1
1
1
1
1
1
1
4137
5
4858
4
3196
10
7763
5201
1
868
2
2
8
751
321
204
9317
5
215751
231
460
106
208
344
72
220
15
22
5
4048
182
8
1
417
34
26
34
87
64
30
83
88
117
114
39
76
25
28
38
43
33
6
21
4
6
6
65
67
82
1088
5295
59
13
5
132
1160
1258
809
167
1
1
2022
1
14
38
3
4
119
8
62
9
1791
1148
9
9
285
77
4
1
29
4
12
670
1884
27
59
38
12
4
2
10
231
4
20
2
2
2
115
265
46
2
1
34
44
1
8
1
1
1
1
82
285
96
93
107
86
82
87
82
82
109
90
100
175
164
136
124
85
85
337
82
102
211
93
102
86
146
124
45781
139
94
137
775
182
143
461
243
82
82
140
83
103
84
137
104
85
82
87
84
490
88
85
82
92
100
93
84
657
86
84
2
2
2
2
2
2
2
2
2
2
2
2
2
2
2
2
2
2
2
2
2
2
2
2
2
2
2
2
2
2
2
2
2
2
2
2
2
2
2
2
2
2
2
2
2
2
2
2
2
2
2
2
2
2
2
2
2
2
2
2
34
29
30
151
165
74
28
24
27
48
184
22
155
76
26
19
36
36
35
148
58
244
35
42
54
6
65
23
20
37
87
37
33
36
30
61
28
42
31
113
33
80
6
109
38
27
135
54
81
51
55
40
33
52
36
94
56
32
229
45
1
1
1
1
1
1
1
1
1
1
1
1
1
1
1
1
1
1
1
1
1
1
1
1
1
1
1
1
1
1
1
1
1
1
1
1
1
1
1
1
1
1
1
1
1
1
1
1
1
1
1
1
1
1
1
1
1
1
1
1
277114
2262
11436
41261
674
10
106352
5137
5061
11
210
31453
52302
781
28252
82298
12794
192
2026
136
1
21
226
11
71235
7154
12
2403
943
998
1261
2
32
3
32
36
371
43
4
1904
3
17317
27642
152
3237
6
341
26560
34
38
431
45
1760
10
12
822
21
9
563
2
47696
47644
47666
98
65
4515
22
82
8
35
43
3
23
3
9
1
2
1
2
1
1
620
132
307
12
127
137
153
161
176
63
96
10
5
50
109
305
12844
74
28
5
118
218
157
14
9
18
45
6
19
10
4
43
57
49
15
11
2
18
145
134968
134968
134968
134968
134968
134968
134968
134968
134968
539872
539872
539872
134968
134968
134968
269936
269936
269936
269936
2024520
134968
2024520
1349680
1889552
269936
134968
269936
134968
269936
134968
404904
404904
404904
404904
134968
134968
134968
134968
134968
134968
134968
134968
134968
134968
1079744
1079744
1079744
404904
539872
539872
539872
539872
404904
269936
134968
134968
134968
134968
134968
134968
