6
7
12
7
8
6
4
16
10
7
4
3
10
6
11
6
7
5
8
4
6
10
4
10
7
4
4
3
4
9
6
8
10
10
3
3
4
4
5
5
1
1
1
1
1
1
1
1
1
1
1
1
1
1
1
1
1
1
1
1
1
1
1
1
1
1
1
1
1
1
1
1
1
1
1
1
1
1
1
1
1
1
1
1
1
1
1
1
1
1
1
1
1
1
1
1
1
1
1
1
1
1
1
1
1
1
1
1
1
1
1
1
1
1
2
2
2
2
2
2
2
2
2
2
2
2
2
2
2
2
2
2
2
2
2
2
2
2
2
2
2
2
2
2
2
2
2
2
2
2
2
2
2
2
1
1
1
1
5
5
5
1
1
1
1
1
1
1
1
7
7
7
7
7
7
3
3
3
2
2
4
4
4
4
4
4
42
42
42
7
26
26
26
8
2671
2670
2669
2667
2666
2663
2662
2661
2660
2659
2636
2634
2631
2630
2629
2627
2626
2624
2623
2621
2620
2619
2618
2617
2616
2613
2612
2611
2610
2608
2606
2605
2603
2602
2601
2581
2579
2578
2577
2576
27
18
70
4
378
24
30
50
5
117
112
28
140
99
27
6
18
270
96
6
36
16
12
24
28
108
8
126
15
12
30
12
120
528
315
16
24
135
7
18
10000
10000
10000
10000
130
10000
10000
10000
10000
10000
10000
10000
10000
10000
10000
10000
10000
10000
10000
10000
130
10000
10000
10000
10000
10000
130
10000
10000
10000
10000
10000
114
10000
10000
10000
10000
10000
10000
10000
2
2
2
2
2
2
2
2
2
2
4
4
4
4
4
4
4
4
4
4
4
4
4
4
4
4
4
4
4
4
4
4
2
3256
3256
3256
3248
3254
3256
3242
3256
3248
3256
3256
3256
3256
3256
3256
3256
3253
3256
3256
3256
3253
3256
3247
3254
3256
3256
3256
3256
3256
3248
3252
3254
3256
3256
3247
3256
3256
3253
3256
3256
2
2
6
1
3
2
1
5
1
3
5
3
1
1
6
7
1
4
64
7
4
1
3
12
2
1
1
1
3
2
4
2
1
1
5
1
10
3
2
15
1
1
1
1
1
1
1
1
1
1
1
1
1
1
1
1
1
1
1
1
1
1
1
1
1
1
1
1
1
1
1
1
1
1
1
1
1
1
1
1
1
1
1
1
1
1
2
1
1
1
1
1
1
1
1
1
1
2
1
1
1
1
1
1
2
1
1
1
37
5
785
68
26
8
153
33
2
1634
2310
73
27
86
12
36
4
2
6346
18
234
19
167
24
189
40
15
7
6
7
8
7
19
178
35
10000
3416
10000
1999
815
11
11
11
11
11
39
53
1
1
1
1
4
13
10
1
11
1
5
1
2
21
1
1
44
2
1
7
7
7
2
4
5
4
2
63
63
1
1
27
1
13
36
2
8
25
13
2
14
8
2
30
7
2
2
38
2
2
7
24
17
117
2
13
67
8
11
2
14
2
8
2
2
19
16
27
2
2
33
4
2
84
118
89
117
94
82
90
82
85
354
450
102
88
302
126
212
315
790
515
136
115
637
106
82
136
208
95
90
89
385
90
90
87
185
88
152
85
84
83
82
74
106
163
198
95
48
34
148
52
43
33
41
219
87
189
172
46
51
69
34
35
37
49
156
31
27
20
23
26
82
60
77
256
226
41
23
33
32
114
123
2
2
2
2
2
2
2
2
2
2
2
2
2
2
2
2
4
2
2
4
2
4
4
4
2
2
2
2
2
2
2
2
2
2
4
4
4
4
4
4
4
4
4
4
4
4
4
4
4
4
4
4
4
4
4
4
4
4
4
1
1
1
1
1
1
1
1
1
1
1
1
1
1
1
1
1
1
1
1
1
1
1
1
1
1
1
1
1
1
1
1
1
1
1
1
1
1
1
1
1
1
1
1
1
1
1
1
1
1
437
28
28
3
1
3
1
258
1
441
99
4621
95
218
61
5
22
179
10000
776
415
10000
5
12
9
37
10000
73
7
3
3983
58
25
2
26
42
11
1961
1373
55
1
1
1
1
1
1
1
1
1
1
1
1
1
1
1
1
1
1
1
1
1
1
1
1
1
1
1
1
1
1
1
1
1
1
10000
10000
10000
10000
10000
10000
10000
10000
10000
10000
10000
10000
10000
10000
10000
10000
10000
10000
10000
10000
10000
10000
10000
10000
10000
10000
10000
10000
10000
10000
10000
10000
10000
10000
10000
10000
10000
10000
10000
10000
5
14
3
20
39
2
10
20
36
42
4
3
4
5
82
4
93
2
17
3
2
4
1
1
55
2
25
10
70
66
2
17
5
1
24
7
39
40
1
6
