1918
25
20
21
24
22
23
27
20
26
22
20
18
22
23
19
15
20
19
47
16
16
20
18
18
17
20
18
17
20
22
16
14
19
18
16
15
17
17
21
1429
376
411
464
493
476
416
452
403
410
383
377
397
387
434
413
401
395
415
368
365
380
394
531
512
440
398
402
389
377
399
381
380
358
372
383
398
378
396
393
27
22
21
21
22
22
21
23
30
25
21
23
22
29
21
21
15
30
25
36
22
24
41
20
20
21
24
22
23
24
36
22
21
22
34
25
38
47
70
40
24
185
20
36
30
184
50
60
22
26
22
24
20
24
42
24
19
23
20
27
18
25
35
18
16
19
19
17
25
17
19
18
15
17
35
24
25
20
23
23
23
91
23
23
21
19
22
36
20
26
22
22
24
27
37
86
22
22
22
21
52
23
27
23
23
24
32
21
27
22
27
20
24
21
3859
424
392
354
361
331
333
296
315
319
334
318
325
324
324
333
326
334
403
391
372
377
360
352
327
319
349
328
323
328
323
311
298
312
317
297
323
350
337
350
369
36
58
45
114
36
38
38
35
46
45
36
45
41
32
33
32
62
42
30
36
30
27
27
34
43
27
49
26
24
30
26
41
75
59
30
28
42
30
30
1618
726
692
1629
58
979
852
1160
866
1422
1204
879
864
882
1308
964
828
825
893
1345
33
845
746
726
761
1111
27
743
708
871
872
1080
76
702
669
651
716
1141
804
1165
150
60
58
57
57
55
57
57
56
56
51
52
54
58
52
59
58
60
54
51
60
58
59
56
54
48
57
60
54
51
56
57
54
5667
2536
2699
3020
2445
2762
2790
2497
2863
2471
2634
2824
2472
2720
2727
2451
2902
2735
2417
3169
2511
2608
3066
3205
3309
3277
3441
3555
2503
2658
3038
2414
2721
2701
2502
2828
2670
2474
2924
2506
49
34
32
30
26
32
30
29
27
29
31
26
28
29
25
32
28
28
35
30
31
25
36
34
44
30
24
36
27
31
26
29
27
29
29
25
30
27
28
31
18
16
15
18
14
19
18
17
12
86
16
13
15
16
17
19
19
18
14
16
16
16
15
15
15
15
20
21
25
15
15
16
20
18
16
16
17
16
17
20
17
20
16
17
19
20
17
17
16
17
18
26
17
19
17
16
15
16
16
17
17
19
16
16
17
16
17
17
132
22
1463
41
35
22
161
29
18
4477
5309
77
63
112
25
38
19
19
9734
37
198
38
209
48
122
27
29
22
22
47
22
19
22
80
27
11084
5016
4383
661
374
172
18
36
18
16
12059
23383
12
12
1175
103
28
9026
1488
164
234
680
9603
57
44
5817
28
29
3588
38
57
244
76
69
95
255
1642
43
106
2675
821
26
34
32
19
53
141
22
22
137
173
18
23
47
24
192
103
43
14
25
17
15
36
21
29
161
16
19
116
31
30
18
34
26
26
20
25
107
39
161
21
18
54
25
17
108
79
66
72
77
64
74
80
71
566
880
68
54
100
66
104
133
1170
149
75
70
574
67
50
62
82
58
55
51
125
57
53
50
106
54
71
51
46
44
46
37
34
33
130
113
34
26
35
54
25
25
27
263
46
516
63
36
35
67
37
93
22
26
89
26
26
24
27
29
50
118
31
214
89
40
33
28
23
41
52
26
18
20
19
14
18
17
15
24
20
22
21
19
14
17
16
18
16
15
14
19
19
19
18
16
27
17
16
13
13
14
17
17
18
354
167
171
172
175
172
158
178
180
167
185
185
158
177
181
162
171
170
163
174
184
199
194
201
190
205
190
203
199
177
177
183
167
178
191
13
12
13
18
13
13
11
11
11
11
11
13
13
13
21
11
13
13
20
11
11
10
11
11
13
16
12
9
11
12
10
10
11
11
12
12
10
12
12
12
227
14
16
12
11
13
13
246
13
133
24
366
16
18
13
12
13
37
644
45
26
516
19
12
14
14
358
14
10
13
190
16
14
16
27
16
13
104
91
24
18
17
16
16
16
16
15
16
15
17
15
30
15
23
83
13
15
16
16
16
14
14
14
14
15
15
15
15
20
14
17
15
16
16
632
493
562
806
445
452
432
677
472
620
659
811
539
564
524
831
603
502
537
911
605
567
521
754
514
542
502
749
562
531
492
775
511
539
524
656
433
446
427
533
246
105
23
143
70
22
21
27
26
34
22
34
21
21
38
19
41
20
23
20
21
19
19
20
33
17
28
24
38
30
34
24
23
20
23
18
28
27
18
18
