ex_time
1.0
1.0
1.0
1.0
1.0
1.0
1.0
1.0
1.0
1.0
1.0
1.0
1.0
1.0
1.0
1.0
1.0
1.0
1.0
1.0
1.0
1.0
1.0
1.0
1.0
1.0
1.0
1.0
1.0
1.0
1.0
1.0
1.0
1.0
1.0
1.0
1.0
1.0
1.0
1.0
1.0
1.0
1.0
1.0
1.0
1.0
1.0
1.0
1.0
1.0
1.0
1.0
1.0
1.0
1.0
1.0
1.0
1.0
1.0
1.0
20.093617021276597
20.093617021276597
20.093617021276597
20.093617021276597
20.093617021276597
20.093617021276597
20.093617021276597
20.093617021276597
20.093617021276597
20.093617021276597
20.093617021276597
20.093617021276597
20.093617021276597
20.093617021276597
20.093617021276597
20.093617021276597
20.093617021276597
20.093617021276597
21.6
21.6
21.6
21.6
21.6
21.6
20.093617021276597
20.093617021276597
20.093617021276597
20.093617021276597
21.6
20.08162660167298
20.093617021276597
20.093617021276597
20.093617021276597
21.6
21.6
20.093617021276597
20.093617021276597
20.093617021276597
20.093617021276597
20.093617021276597
20.093617021276597
20.093617021276597
20.093617021276597
20.093617021276597
20.093617021276597
20.093617021276597
20.093617021276597
20.093617021276597
20.093617021276597
20.093617021276597
20.093617021276597
21.6
20.093617021276597
20.093617021276597
21.6
20.093617021276597
20.093617021276597
20.093617021276597
21.6
20.093617021276597
8995.176923076922
9033.515789473684
9005.742857142857
8995.176923076922
8962.8
8962.8
9033.515789473684
9033.515789473684
9005.742857142857
9033.515789473684
9005.742857142857
9033.515789473684
9033.515789473684
8995.176923076922
8995.176923076922
9033.515789473684
9046.133333333333
8995.176923076922
8995.176923076922
8995.176923076922
8995.176923076922
9046.133333333333
9046.133333333333
8995.176923076922
8995.176923076922
9033.515789473684
8995.176923076922
8995.176923076922
9033.515789473684
9005.742857142857
8995.176923076922
8962.8
9033.515789473684
8995.176923076922
9033.515789473684
9005.742857142857
9033.515789473684
8995.176923076922
9033.515789473684
9005.742857142857
9033.515789473684
8995.176923076922
9033.515789473684
8995.176923076922
8962.8
8962.8
9033.515789473684
8995.176923076922
8995.176923076922
8995.176923076922
8995.176923076922
8995.176923076922
8995.176923076922
8995.176923076922
9033.515789473684
9033.515789473684
8995.176923076922
8995.176923076922
9005.742857142857
9033.515789473684
50.21395348837209
50.21395348837209
50.21395348837209
50.21395348837209
50.21395348837209
50.21395348837209
50.21395348837209
50.21395348837209
59.35294117647059
59.35294117647059
59.35294117647059
50.21395348837209
50.21395348837209
50.21395348837209
50.21395348837209
50.21395348837209
50.21395348837209
50.21395348837209
59.35294117647059
59.35294117647059
59.35294117647059
59.35294117647059
50.21395348837209
50.21395348837209
50.21395348837209
50.21395348837209
50.21395348837209
50.21395348837209
59.35294117647059
59.35294117647059
59.35294117647059
50.21395348837209
50.21395348837209
50.21395348837209
50.21395348837209
50.21395348837209
50.21395348837209
50.21395348837209
50.21395348837209
50.21395348837209
50.21395348837209
50.21395348837209
50.21395348837209
50.21395348837209
50.21395348837209
59.35294117647059
59.35294117647059
59.35294117647059
59.35294117647059
59.35294117647059
59.35294117647059
59.35294117647059
50.21395348837209
50.21395348837209
50.21395348837209
50.21395348837209
50.21395348837209
50.21395348837209
50.21395348837209
50.21395348837209
173.63333333333333
173.63333333333333
173.63333333333333
173.63333333333333
173.63333333333333
173.63333333333333
173.63333333333333
173.63333333333333
173.63333333333333
173.63333333333333
173.63333333333333
173.63333333333333
173.63333333333333
173.63333333333333
173.63333333333333
173.63333333333333
173.63333333333333
173.63333333333333
173.63333333333333
173.63333333333333
173.63333333333333
173.63333333333333
173.63333333333333
173.63333333333333
173.63333333333333
173.63333333333333
173.63333333333333
173.63333333333333
173.63333333333333
173.63333333333333
173.63333333333333
173.63333333333333
173.63333333333333
173.63333333333333
173.63333333333333
173.63333333333333
173.63333333333333
173.63333333333333
173.63333333333333
173.63333333333333
173.63333333333333
173.63333333333333
173.63333333333333
173.63333333333333
173.63333333333333
173.63333333333333
173.63333333333333
173.63333333333333
173.63333333333333
173.63333333333333
173.63333333333333
173.63333333333333
173.63333333333333
173.63333333333333
173.63333333333333
173.63333333333333
173.63333333333333
173.63333333333333
173.63333333333333
173.63333333333333
5.346666666666667
5.346666666666667
5.346666666666667
5.346666666666667
5.346666666666667
5.346666666666667
5.346666666666667
5.346666666666667
5.346666666666667
5.346666666666667
5.346666666666667
5.346666666666667
5.346666666666667
5.346666666666667
5.346666666666667
5.346666666666667
5.346666666666667
5.346666666666667
5.346666666666667
5.346666666666667
5.346666666666667
5.346666666666667
5.346666666666667
5.346666666666667
5.346666666666667
5.346666666666667
5.346666666666667
5.346666666666667
5.346666666666667
5.346666666666667
5.346666666666667
5.346666666666667
5.346666666666667
5.346666666666667
5.346666666666667
5.346666666666667
5.346666666666667
5.346666666666667
5.346666666666667
5.346666666666667
5.346666666666667
5.346666666666667
5.346666666666667
5.346666666666667
5.346666666666667
5.346666666666667
5.346666666666667
5.346666666666667
5.346666666666667
5.346666666666667
5.346666666666667
5.346666666666667
5.346666666666667
5.346666666666667
5.346666666666667
5.346666666666667
5.346666666666667
5.346666666666667
5.346666666666667
5.346666666666667
167.97
167.97
167.97
167.97
167.97
167.97
167.97
167.97
167.97
167.97
167.97
167.97
167.97
167.97
167.97
167.97
167.97
167.97
167.97
167.97
167.97
167.97
167.97
167.97
167.97
167.97
167.97
167.97
167.97
167.97
167.97
167.97
167.97
167.97
167.97
167.97
167.97
167.97
167.97
167.97
167.97
167.97
167.97
167.97
167.97
167.97
167.97
167.97
167.97
167.97
167.97
167.97
167.97
167.97
167.97
167.97
167.97
167.97
167.97
167.97
178.45
178.45
178.45
176.35555555555555
178.45
178.45
178.45
176.32493089190913
178.45
178.45
178.45
178.45
178.45
178.45
178.45
178.45
178.45
178.45
178.45
178.45
178.45
178.45
178.45
178.45
178.45
178.45
178.45
178.45
178.45
178.45
178.45
178.45
178.45
178.45
178.45
178.45
178.45
178.45
178.45
178.45
178.2783055253315
178.45
178.45
178.45
178.45
178.45
176.32493089190913
178.45
176.35555555555555
176.35555555555555
176.35555555555555
176.35555555555555
176.35555555555555
176.35555555555555
176.35555555555555
176.35555555555555
178.45
178.45
178.45
178.45
5429.486666666667
5429.486666666667
5429.486666666667
5429.486666666667
5429.486666666667
5429.486666666667
5429.486666666667
5429.486666666667
5429.486666666667
5429.486666666667
5429.486666666667
5429.486666666667
5429.486666666667
5429.486666666667
5429.486666666667
5429.486666666667
5429.486666666667
5429.486666666667
5429.486666666667
5429.486666666667
5429.486666666667
5429.486666666667
5429.486666666667
5429.486666666667
5429.486666666667
5429.486666666667
5429.486666666667
5429.486666666667
5429.486666666667
5429.486666666667
5429.486666666667
5429.486666666667
5429.486666666667
5429.486666666667
5429.486666666667
5429.486666666667
5429.486666666667
5429.486666666667
5429.486666666667
5429.486666666667
5429.486666666667
5429.486666666667
5429.486666666667
5429.486666666667
5429.486666666667
5429.486666666667
5429.486666666667
5429.486666666667
5429.486666666667
5429.486666666667
5429.486666666667
5429.486666666667
5429.486666666667
5429.486666666667
5429.486666666667
5429.486666666667
5429.486666666667
5429.486666666667
5429.486666666667
5429.486666666667
1.0
1.0
1.0
1.0
1.0
1.0
1.0
1.0
1.0
1.0
1.0
1.0
1.0
1.0
1.0
1.0
1.0
1.0
1.0
1.0
1.0
1.0
1.0
1.0
1.0
1.0
1.0
1.0
1.0
1.0
1.0
1.0
1.0
1.0
1.0
1.0
1.0
1.0
1.0
1.0
1.0
1.0
1.0
1.0
1.0
1.0
1.0
1.0
1.0
1.0
1.0
1.0
1.0
1.0
1.0
1.0
1.0
1.0
1.0
1.0
20.29
20.29
20.29
20.29
20.29
20.29
20.29
20.29
20.29
20.29
20.29
20.29
20.29
20.29
20.29
20.29
20.29
20.29
20.29
20.29
20.29
20.29
20.29
20.29
20.29
20.29
20.29
20.29
20.29
20.29
20.29
20.29
20.29
20.29
20.29
20.29
20.29
20.29
20.29
20.29
20.29
20.29
20.29
20.29
20.29
20.29
20.29
20.29
20.29
20.29
20.29
20.29
20.29
20.29
20.29
20.29
20.29
20.29
20.29
20.29
1.0
1.0
1.0
1.0
1.0
1.0
1.0
1.0
1.0
1.0
1.0
1.0
1.0
1.0
1.0
1.0
1.0
1.0
1.0
1.0
1.0
1.0
1.0
1.0
1.0
1.0
1.0
1.0
1.0
1.0
1.0
1.0
1.0
1.0
1.0
1.0
1.0
1.0
1.0
1.0
1.0
1.0
1.0
1.0
1.0
1.0
1.0
1.0
1.0
1.0
1.0
1.0
1.0
1.0
1.0
1.0
1.0
1.0
1.0
1.0
319.1166666666667
319.1166666666667
319.1166666666667
319.1166666666667
319.1166666666667
319.1166666666667
319.1166666666667
319.1166666666667
319.1166666666667
319.1166666666667
319.1166666666667
319.1166666666667
319.1166666666667
319.1166666666667
319.1166666666667
319.1166666666667
319.1166666666667
319.1166666666667
319.1166666666667
319.1166666666667
319.1166666666667
319.1166666666667
319.1166666666667
319.1166666666667
319.1166666666667
319.1166666666667
319.1166666666667
319.1166666666667
319.1166666666667
319.1166666666667
319.1166666666667
319.1166666666667
319.1166666666667
319.1166666666667
319.1166666666667
319.1166666666667
319.1166666666667
319.1166666666667
319.1166666666667
319.1166666666667
319.1166666666667
319.1166666666667
319.1166666666667
319.1166666666667
319.1166666666667
319.1166666666667
319.1166666666667
319.1166666666667
319.1166666666667
319.1166666666667
319.1166666666667
319.1166666666667
319.1166666666667
319.1166666666667
319.1166666666667
319.1166666666667
319.1166666666667
319.1166666666667
319.1166666666667
319.1166666666667
1529.9366666666667
1529.9366666666667
1529.9366666666667
1529.9366666666667
1529.9366666666667
1529.9366666666667
1529.9366666666667
1529.9366666666667
1529.9366666666667
1529.9366666666667
1529.9366666666667
1529.9366666666667
1529.9366666666667
1529.9366666666667
1529.9366666666667
1529.9366666666667
1529.9366666666667
1529.9366666666667
1529.9366666666667
1529.9366666666667
1529.9366666666667
1529.9366666666667
1529.9366666666667
1529.9366666666667
1529.9366666666667
1529.9366666666667
1529.9366666666667
1529.9366666666667
1529.9366666666667
1529.9366666666667
1529.9366666666667
1529.9366666666667
1529.9366666666667
1529.9366666666667
1529.9366666666667
1529.9366666666667
1529.9366666666667
1529.9366666666667
1529.9366666666667
1529.9366666666667
1529.9366666666667
1529.9366666666667
1529.9366666666667
1529.9366666666667
1529.9366666666667
1529.9366666666667
1529.9366666666667
1529.9366666666667
1529.9366666666667
1529.9366666666667
1529.9366666666667
1529.9366666666667
1529.9366666666667
1529.9366666666667
1529.9366666666667
1529.9366666666667
1529.9366666666667
1529.9366666666667
1529.9366666666667
1529.9366666666667
106.99333333333334
106.99333333333334
106.99333333333334
106.99333333333334
106.99333333333334
106.99333333333334
106.99333333333334
106.99333333333334
106.99333333333334
106.99333333333334
106.99333333333334
106.99333333333334
106.99333333333334
106.99333333333334
106.99333333333334
106.99333333333334
106.99333333333334
106.99333333333334
106.99333333333334
106.99333333333334
106.99333333333334
106.99333333333334
106.99333333333334
106.99333333333334
106.99333333333334
106.99333333333334
106.99333333333334
106.99333333333334
106.99333333333334
106.99333333333334
106.99333333333334
106.99333333333334
106.99333333333334
106.99333333333334
106.99333333333334
106.99333333333334
106.99333333333334
106.99333333333334
106.99333333333334
106.99333333333334
106.99333333333334
106.99333333333334
106.99333333333334
106.99333333333334
106.99333333333334
106.99333333333334
106.99333333333334
106.99333333333334
106.99333333333334
106.99333333333334
106.99333333333334
106.99333333333334
106.99333333333334
106.99333333333334
106.99333333333334
106.99333333333334
106.99333333333334
106.99333333333334
106.99333333333334
106.99333333333334
1.0
1.0
1.0
1.0
1.0
1.0
1.0
1.0
1.0
1.0
1.0
1.0
1.0
1.0
1.0
1.0
1.0
1.0
1.0
1.0
1.0
1.0
1.0
1.0
1.0
1.0
1.0
1.0
1.0
1.0
1.0
1.0
1.0
1.0
1.0
1.0
1.0
1.0
1.0
1.0
1.0
1.0
1.0
1.0
1.0
1.0
1.0
1.0
1.0
1.0
1.0
1.0
1.0
1.0
1.0
1.0
1.0
1.0
1.0
1.0
2.9689655172413794
2.9689655172413794
2.9689655172413794
2.9689655172413794
2.9689655172413794
2.9689655172413794
2.9689655172413794
2.9689655172413794
2.9689655172413794
2.9689655172413794
2.9689655172413794
2.9689655172413794
2.9689655172413794
2.9689655172413794
2.9689655172413794
2.9689655172413794
2.9689655172413794
2.9689655172413794
2.9689655172413794
2.9689655172413794
2.9689655172413794
2.9689655172413794
2.9689655172413794
2.9689655172413794
2.9689655172413794
2.9689655172413794
2.9689655172413794
2.9689655172413794
2.9689655172413794
2.9689655172413794
2.9689655172413794
2.9689655172413794
2.3038872121140987
2.9689655172413794
2.9689655172413794
2.9689655172413794
2.9689655172413794
2.9689655172413794
2.9689655172413794
2.9689655172413794
2.9689655172413794
2.9689655172413794
2.9689655172413794
2.9689655172413794
2.9689655172413794
2.9689655172413794
2.9689655172413794
2.9689655172413794
2.9689655172413794
2.9689655172413794
2.9689655172413794
2.9689655172413794
2.9689655172413794
2.3038872121140987
2.9689655172413794
2.9689655172413794
2.9689655172413794
2.9689655172413794
2.9689655172413794
2.9689655172413794
34.346666666666664
34.346666666666664
34.346666666666664
34.346666666666664
34.346666666666664
34.346666666666664
34.346666666666664
34.346666666666664
34.346666666666664
34.346666666666664
34.346666666666664
34.346666666666664
34.346666666666664
34.346666666666664
34.346666666666664
34.346666666666664
34.346666666666664
34.346666666666664
34.346666666666664
34.346666666666664
34.346666666666664
34.346666666666664
34.346666666666664
34.346666666666664
34.346666666666664
34.346666666666664
34.346666666666664
34.346666666666664
34.346666666666664
34.346666666666664
34.346666666666664
34.346666666666664
34.346666666666664
34.346666666666664
34.346666666666664
34.346666666666664
34.346666666666664
34.346666666666664
34.346666666666664
34.346666666666664
34.346666666666664
34.346666666666664
34.346666666666664
34.346666666666664
34.346666666666664
34.346666666666664
34.346666666666664
34.346666666666664
34.346666666666664
34.346666666666664
34.346666666666664
34.346666666666664
34.346666666666664
34.346666666666664
34.346666666666664
34.346666666666664
34.346666666666664
34.346666666666664
34.346666666666664
34.346666666666664
239.68
239.68
239.68
239.68
239.68
239.68
239.68
239.68
239.68
239.68
239.68
239.68
239.68
239.68
239.68
239.68
239.68
239.68
239.68
239.68
239.68
239.68
239.68
239.68
239.68
239.68
239.68
239.68
239.68
239.68
239.68
239.68
239.68
239.68
239.68
239.68
239.68
239.68
239.68
239.68
239.68
239.68
239.68
239.68
239.68
239.68
239.68
239.68
239.68
239.68
239.68
239.68
239.68
239.68
239.68
239.68
239.68
239.68
239.68
239.68
57.86
57.86
57.86
57.86
57.86
57.86
57.86
57.86
57.86
57.86
57.86
57.86
57.86
57.86
57.86
57.86
57.86
57.86
57.86
57.86
57.86
57.86
57.86
57.86
57.86
57.86
57.86
57.86
57.86
57.86
57.86
57.86
57.86
57.86
57.86
57.86
57.86
57.86
57.86
57.86
57.86
57.86
57.86
57.86
57.86
57.86
57.86
57.86
57.86
57.86
57.86
57.86
57.86
57.86
57.86
57.86
57.86
57.86
57.86
57.86
1032.0782608695652
1032.0782608695652
1032.0782608695652
1032.0782608695652
1032.0782608695652
1032.0782608695652
1020.0714285714286
1020.0714285714286
1020.0714285714286
1636.8
1636.8
1532.225
1636.8
1636.8
1532.225
1032.0782608695652
1020.0714285714286
1032.0782608695652
1020.0714285714286
1636.8
1636.8
1532.225
1636.8
1636.8
1636.8
1532.225
1532.225
1636.8
1636.8
1636.8
1532.225
1032.0782608695652
1032.0782608695652
1020.0714285714286
1032.0782608695652
1020.0714285714286
1032.0782608695652
1020.0714285714286
1032.0782608695652
1636.8
1532.225
1636.8
1532.225
1636.8
1032.0782608695652
1032.0782608695652
1020.0714285714286
1020.0714285714286
1032.0782608695652
1020.0714285714286
1032.0782608695652
1032.0782608695652
1020.0714285714286
1020.0714285714286
1032.0782608695652
1032.0782608695652
1032.0782608695652
1020.0714285714286
1032.0782608695652
1032.0782608695652
