0
0
0
0
0
0
0
0
0
0
0
0
0
0
0
0
0
0
0
0
0
0
0
0
0
0
0
0
0
0
0
0
0
0
0
0
0
0
0
0
0
0
0
0
0
0
0
0
0
0
0
0
0
0
0
0
0
0
0
0
60
60
60
60
60
60
60
60
60
60
60
60
60
60
60
60
60
60
60
60
60
60
60
60
60
60
60
60
60
60
60
60
60
60
60
60
60
60
60
60
60
60
60
60
60
60
60
60
60
60
60
60
60
60
60
60
60
60
60
60
120
120
120
120
120
120
120
120
120
120
120
120
120
120
120
120
120
120
120
120
120
120
120
120
120
120
120
120
120
120
120
120
120
120
120
120
120
120
120
120
120
120
120
120
120
120
120
120
120
120
120
120
120
120
120
120
120
120
120
120
180
180
180
183
180
180
180
180
180
180
180
180
180
180
180
180
180
180
180
180
180
180
180
180
180
180
180
180
180
180
180
180
180
180
180
180
180
180
180
180
180
180
180
180
180
180
180
180
180
180
180
180
180
180
180
180
180
180
180
180
240
240
240
240
240
240
240
240
240
240
240
240
240
240
240
240
240
240
240
240
240
240
240
240
240
240
240
240
240
240
240
240
240
240
240
240
240
240
240
240
240
240
240
240
240
240
240
240
240
240
290
240
240
240
240
240
240
240
240
240
300
301
301
301
301
301
301
301
301
301
301
301
301
301
301
301
301
301
301
301
301
301
301
301
301
301
301
301
301
301
301
301
301
301
301
301
301
301
301
301
301
301
301
301
301
301
301
301
301
301
301
301
301
301
354
301
301
301
301
301
360
360
360
360
360
360
360
360
360
360
360
360
360
360
360
360
360
360
360
360
360
360
360
360
360
360
360
360
360
360
360
360
360
360
360
360
360
360
360
360
360
360
360
360
360
360
360
360
360
360
360
360
360
360
360
360
360
360
360
360
420
420
420
420
420
420
420
420
420
420
420
420
420
420
420
420
420
420
420
420
420
420
420
420
420
420
420
420
420
420
420
420
420
420
420
420
420
420
420
420
420
420
420
420
420
420
420
420
420
420
420
420
420
420
420
420
420
420
420
420
420
420
420
420
420
420
420
420
420
420
420
420
420
420
420
420
420
420
420
420
420
420
420
420
420
420
420
420
420
420
420
420
420
420
420
420
420
420
420
420
420
420
420
420
420
420
420
420
420
420
420
420
420
420
420
420
420
420
420
420
720
720
720
720
720
720
720
720
720
720
720
720
720
720
720
720
720
720
720
720
720
720
720
720
720
720
720
720
720
720
720
720
720
720
720
720
720
720
720
720
720
720
720
720
720
720
720
720
720
720
720
720
720
720
720
720
720
720
720
720
600
600
600
600
600
600
600
600
600
600
600
600
600
600
600
600
600
600
600
600
600
600
600
600
600
600
600
600
600
600
600
600
600
600
600
600
600
600
600
600
600
600
600
600
600
600
646
600
600
600
600
600
600
600
600
600
600
600
600
600
660
660
660
660
660
660
660
660
660
660
660
660
660
660
660
660
660
660
660
660
660
660
660
660
660
660
660
660
660
660
660
660
660
660
660
660
660
660
660
660
660
660
660
660
660
660
660
660
660
660
660
660
660
660
660
660
660
660
660
660
720
720
720
720
720
720
720
720
720
720
720
720
720
720
720
720
720
720
720
720
720
720
720
720
720
720
720
720
720
720
720
720
720
720
720
720
720
720
720
720
720
720
720
720
720
720
720
720
720
720
720
720
720
720
720
720
720
720
720
720
360
360
360
360
360
360
360
360
360
360
360
360
360
360
360
360
360
360
360
360
360
360
360
360
360
360
360
360
360
360
360
360
360
360
360
360
360
360
360
360
360
360
360
360
360
360
360
360
360
360
360
360
360
360
360
360
360
360
360
360
720
720
720
720
720
720
720
720
720
720
720
720
720
720
720
720
720
720
720
720
720
720
720
720
720
720
720
720
720
720
720
720
720
720
720
720
720
720
720
720
720
720
720
720
720
720
720
720
720
720
720
720
720
720
720
720
720
720
720
720
0
0
0
0
0
0
0
0
0
0
0
0
0
0
0
0
0
0
0
0
0
0
0
0
0
0
0
0
0
0
0
0
0
0
0
0
0
0
0
0
0
0
0
0
0
0
0
0
0
0
0
0
0
0
0
0
0
0
0
0
960
961
960
960
960
960
960
960
960
960
960
960
960
960
960
960
960
960
960
960
960
960
960
960
960
960
960
960
960
960
960
960
960
960
960
960
960
960
960
960
960
960
960
960
960
960
960
960
960
960
960
960
960
960
960
960
960
960
960
960
1020
1020
1020
1020
1020
1020
1020
1020
1020
1020
1020
1020
1020
1020
1020
1020
1020
1020
1020
1020
1020
1020
1020
1020
1020
1020
1020
1020
1020
1020
1020
1020
1020
1020
1020
1020
1020
1020
1020
1020
1020
1020
1020
1020
1020
1020
1020
1020
1020
1020
1020
1020
1020
1020
1020
1020
1020
1020
1020
1020
360
360
360
360
360
360
360
360
360
360
360
360
360
360
360
360
360
360
360
360
360
360
360
360
360
360
360
360
360
360
360
360
360
360
360
360
360
360
360
360
360
360
360
360
360
360
360
360
360
360
360
360
360
360
360
360
360
360
360
360
1140
1140
1140
1140
1140
1145
1140
1140
1140
1140
1140
1140
1140
1140
1140
1140
1140
1140
1140
1140
1140
1140
1140
1140
1140
1140
1140
1140
1140
1140
1140
1140
1140
1140
1140
1140
1140
1140
1140
1140
1140
1140
1140
1140
1140
1140
1140
1140
1140
1140
1140
1140
1140
1140
1140
1140
1140
1140
1140
1140
1200
1200
1200
1200
1200
1200
1206
1206
1206
1200
1200
1206
1200
1200
1206
1200
1216
1200
1206
1200
1200
1206
1200
1200
1200
1206
1206
1200
1200
1200
1206
1200
1200
1206
1200
1206
1200
1206
1200
1200
1206
1200
1206
1200
1200
1245
1206
1206
1200
1206
1200
1200
1206
1206
1200
1200
1200
1206
1200
1200
