ex_time
5.933333333333334
5.933333333333334
5.933333333333334
5.933333333333334
5.933333333333334
5.933333333333334
5.933333333333334
5.933333333333334
5.933333333333334
5.933333333333334
5.933333333333334
5.933333333333334
5.933333333333334
5.933333333333334
5.933333333333334
5.933333333333334
5.933333333333334
5.933333333333334
5.933333333333334
5.933333333333334
5.933333333333334
5.933333333333334
5.933333333333334
5.933333333333334
5.933333333333334
5.933333333333334
5.933333333333334
5.933333333333334
5.933333333333334
5.933333333333334
5.933333333333334
5.933333333333334
5.933333333333334
5.933333333333334
5.933333333333334
5.933333333333334
5.933333333333334
5.933333333333334
5.933333333333334
5.933333333333334
5.933333333333334
5.933333333333334
5.933333333333334
5.933333333333334
5.933333333333334
5.933333333333334
5.933333333333334
5.933333333333334
5.933333333333334
5.933333333333334
5.933333333333334
5.933333333333334
5.933333333333334
5.933333333333334
5.933333333333334
5.933333333333334
5.933333333333334
5.933333333333334
5.933333333333334
5.933333333333334
1.0
1.0
1.0
1.0
1.0
1.0
1.0
1.0
1.0
1.0
1.0
1.0
1.0
1.0
1.0
1.0
1.0
1.0
1.0
1.0
1.0
1.0
1.0
1.0
1.0
1.0
1.0
1.0
1.0
1.0
1.0
1.0
1.0
1.0
1.0
1.0
1.0
1.0
1.0
1.0
1.0
1.0
1.0
1.0
1.0
1.0
1.0
1.0
1.0
1.0
1.0
1.0
1.0
1.0
1.0
1.0
1.0
1.0
1.0
1.0
29.576923076923077
36.40052395414579
13.857142857142858
29.576923076923077
27.6
27.6
69.53333333333333
69.53333333333333
13.857142857142858
69.53333333333333
13.857142857142858
36.40052395414579
69.53333333333333
29.576923076923077
29.576923076923077
69.53333333333333
66.51435287881756
29.576923076923077
29.576923076923077
29.576923076923077
29.576923076923077
66.51435287881756
66.51435287881756
29.576923076923077
29.576923076923077
69.53333333333333
29.576923076923077
29.576923076923077
69.53333333333333
13.857142857142858
29.576923076923077
27.6
69.53333333333333
29.576923076923077
69.53333333333333
13.857142857142858
36.40052395414579
29.576923076923077
69.53333333333333
13.857142857142858
69.53333333333333
29.576923076923077
69.53333333333333
29.576923076923077
27.6
27.6
69.53333333333333
29.576923076923077
29.576923076923077
29.576923076923077
29.576923076923077
29.576923076923077
29.576923076923077
29.576923076923077
69.53333333333333
36.40052395414579
29.576923076923077
29.576923076923077
13.857142857142858
69.53333333333333
10.23076923076923
11.833333333333334
11.833333333333334
10.75
10.75
10.75
10.75
10.75
41.8
20.719001401849415
27.5
10.23076923076923
11.833333333333334
11.833333333333334
10.23076923076923
11.833333333333334
11.833333333333334
11.833333333333334
41.8
27.5
20.719001401849415
27.5
10.23076923076923
10.75
10.75
10.23076923076923
10.23076923076923
10.75
41.8
63.96098111879197
27.5
10.23076923076923
11.833333333333334
11.833333333333334
6.142233126602177
10.23076923076923
11.833333333333334
11.833333333333334
6.142233126602177
11.833333333333334
10.23076923076923
11.833333333333334
8.500984139271962
10.23076923076923
11.833333333333334
41.8
63.96098111879197
27.5
35.38204579699476
41.8
27.5
35.38204579699476
10.23076923076923
11.833333333333334
11.833333333333334
10.23076923076923
11.833333333333334
9.931793153704918
11.833333333333334
10.23076923076923
3085.15
3085.15
3085.15
3085.15
3085.15
3085.15
3085.15
3085.15
3085.15
3085.15
3085.15
3085.15
3085.15
3085.15
3085.15
3085.15
3085.15
3085.15
3085.15
3085.15
3085.15
3085.15
3085.15
3085.15
3085.15
3085.15
3085.15
3085.15
3085.15
3085.15
3085.15
3085.15
3085.15
3085.15
3085.15
3085.15
3085.15
3085.15
3085.15
3085.15
3085.15
3085.15
3085.15
3085.15
3085.15
3085.15
3085.15
3085.15
3085.15
3085.15
3085.15
3085.15
3085.15
3085.15
3085.15
3085.15
3085.15
3085.15
3085.15
3085.15
105.03333333333333
105.03333333333333
105.03333333333333
105.03333333333333
105.03333333333333
105.03333333333333
105.03333333333333
105.03333333333333
105.03333333333333
105.03333333333333
105.03333333333333
105.03333333333333
105.03333333333333
105.03333333333333
105.03333333333333
105.03333333333333
105.03333333333333
105.03333333333333
105.03333333333333
105.03333333333333
105.03333333333333
105.03333333333333
105.03333333333333
105.03333333333333
105.03333333333333
105.03333333333333
105.03333333333333
105.03333333333333
105.03333333333333
105.03333333333333
105.03333333333333
105.03333333333333
105.03333333333333
105.03333333333333
105.03333333333333
105.03333333333333
105.03333333333333
105.03333333333333
105.03333333333333
105.03333333333333
105.03333333333333
105.03333333333333
105.03333333333333
105.03333333333333
105.03333333333333
105.03333333333333
105.03333333333333
105.03333333333333
105.03333333333333
105.03333333333333
105.03333333333333
105.03333333333333
105.03333333333333
105.03333333333333
105.03333333333333
105.03333333333333
105.03333333333333
105.03333333333333
105.03333333333333
105.03333333333333
8847.483333333334
8847.483333333334
8847.483333333334
8847.483333333334
8847.483333333334
8847.483333333334
8847.483333333334
8847.483333333334
8847.483333333334
8847.483333333334
8847.483333333334
8847.483333333334
8847.483333333334
8847.483333333334
8847.483333333334
8847.483333333334
8847.483333333334
8847.483333333334
8847.483333333334
8847.483333333334
8847.483333333334
8847.483333333334
8847.483333333334
8847.483333333334
8847.483333333334
8847.483333333334
8847.483333333334
8847.483333333334
8847.483333333334
8847.483333333334
8847.483333333334
8847.483333333334
8847.483333333334
8847.483333333334
8847.483333333334
8847.483333333334
8847.483333333334
8847.483333333334
8847.483333333334
8847.483333333334
8847.483333333334
8847.483333333334
8847.483333333334
8847.483333333334
8847.483333333334
8847.483333333334
8847.483333333334
8847.483333333334
8847.483333333334
8847.483333333334
8847.483333333334
8847.483333333334
8847.483333333334
8847.483333333334
8847.483333333334
8847.483333333334
8847.483333333334
8847.483333333334
8847.483333333334
8847.483333333334
4.551724137931035
2.210526315789474
4.551724137931035
2.2222222222222223
4.551724137931035
2.210526315789474
4.551724137931035
2.6357520337207396
4.551724137931035
4.551724137931035
4.551724137931035
4.551724137931035
4.551724137931035
4.551724137931035
4.551724137931035
4.551724137931035
4.551724137931035
4.551724137931035
4.551724137931035
4.551724137931035
4.551724137931035
4.551724137931035
4.551724137931035
4.551724137931035
4.551724137931035
4.551724137931035
4.551724137931035
4.551724137931035
4.551724137931035
4.551724137931035
2.210526315789474
2.210526315789474
2.210526315789474
2.210526315789474
2.210526315789474
2.210526315789474
2.210526315789474
2.210526315789474
2.210526315789474
2.210526315789474
4.2335925824493685
4.551724137931035
4.551724137931035
2.210526315789474
2.210526315789474
4.551724137931035
2.6357520337207396
2.210526315789474
2.2222222222222223
2.2222222222222223
2.2222222222222223
2.2222222222222223
2.2222222222222223
2.2222222222222223
2.2222222222222223
2.2222222222222223
2.210526315789474
2.210526315789474
2.210526315789474
2.210526315789474
3180.016666666667
3180.016666666667
3180.016666666667
3180.016666666667
3180.016666666667
3180.016666666667
3180.016666666667
3180.016666666667
3180.016666666667
3180.016666666667
3180.016666666667
3180.016666666667
3180.016666666667
3180.016666666667
3180.016666666667
3180.016666666667
3180.016666666667
3180.016666666667
3180.016666666667
3180.016666666667
3180.016666666667
3180.016666666667
3180.016666666667
3180.016666666667
3180.016666666667
3180.016666666667
3180.016666666667
3180.016666666667
3180.016666666667
3180.016666666667
3180.016666666667
3180.016666666667
3180.016666666667
3180.016666666667
3180.016666666667
3180.016666666667
3180.016666666667
3180.016666666667
3180.016666666667
3180.016666666667
3180.016666666667
3180.016666666667
3180.016666666667
3180.016666666667
3180.016666666667
3180.016666666667
3180.016666666667
3180.016666666667
3180.016666666667
3180.016666666667
3180.016666666667
3180.016666666667
3180.016666666667
3180.016666666667
3180.016666666667
3180.016666666667
3180.016666666667
3180.016666666667
3180.016666666667
3180.016666666667
4.2745098039215685
4.888888888888889
4.2745098039215685
4.2745098039215685
4.2745098039215685
4.2745098039215685
4.2745098039215685
4.2745098039215685
4.2745098039215685
4.2745098039215685
4.2745098039215685
4.888888888888889
4.888888888888889
4.2745098039215685
4.2745098039215685
4.2745098039215685
4.2745098039215685
4.2745098039215685
4.888888888888889
4.2745098039215685
4.2745098039215685
4.2745098039215685
4.2745098039215685
4.2745098039215685
4.2745098039215685
4.2745098039215685
4.2745098039215685
4.2745098039215685
4.2745098039215685
4.2745098039215685
4.888888888888889
4.2745098039215685
4.2745098039215685
4.2745098039215685
4.888888888888889
4.2745098039215685
4.2745098039215685
4.888888888888889
4.2745098039215685
4.888888888888889
4.2745098039215685
4.2745098039215685
4.2745098039215685
4.2745098039215685
4.2745098039215685
4.2745098039215685
4.2745098039215685
4.2745098039215685
4.2745098039215685
4.2745098039215685
4.2745098039215685
4.2745098039215685
4.2745098039215685
4.2745098039215685
4.2745098039215685
4.2745098039215685
4.2745098039215685
4.2745098039215685
4.2745098039215685
4.888888888888889
1.0
1.0
1.0
1.0
1.0
1.0
1.0
1.0
1.0
1.0
1.0
1.0
1.0
1.0
1.0
1.0
1.0
1.0
1.0
1.0
1.0
1.0
1.0
1.0
1.0
1.0
1.0
1.0
1.0
1.0
1.0
1.0
1.0
1.0
1.0
1.0
1.0
1.0
1.0
1.0
1.0
1.0
1.0
1.0
1.0
1.0
1.0
1.0
1.0
1.0
1.0
1.0
1.0
1.0
1.0
1.0
1.0
1.0
1.0
1.0
1.2
1.2
1.2
1.2
1.2
1.2
1.2
1.2
1.2
1.2
1.2
1.2
1.2
1.2
1.2
1.2
1.2
1.2
1.2
1.2
1.2
1.2
1.2
1.2
1.2
1.2
1.2
1.2
1.2
1.2
1.2
1.2
1.2
1.2
1.2
1.2
1.2
1.2
1.2
1.2
1.2
1.2
1.2
1.2
1.2
1.2
1.2
1.2
1.2
1.2
1.2
1.2
1.2
1.2
1.2
1.2
1.2
1.2
1.2
1.2
4350.783333333334
4350.783333333334
4350.783333333334
4350.783333333334
4350.783333333334
4350.783333333334
4350.783333333334
4350.783333333334
4350.783333333334
4350.783333333334
4350.783333333334
4350.783333333334
4350.783333333334
4350.783333333334
4350.783333333334
4350.783333333334
4350.783333333334
4350.783333333334
4350.783333333334
4350.783333333334
4350.783333333334
4350.783333333334
4350.783333333334
4350.783333333334
4350.783333333334
4350.783333333334
4350.783333333334
4350.783333333334
4350.783333333334
4350.783333333334
4350.783333333334
4350.783333333334
4350.783333333334
4350.783333333334
4350.783333333334
4350.783333333334
4350.783333333334
4350.783333333334
4350.783333333334
4350.783333333334
4350.783333333334
4350.783333333334
4350.783333333334
4350.783333333334
4350.783333333334
4350.783333333334
4350.783333333334
4350.783333333334
4350.783333333334
4350.783333333334
4350.783333333334
4350.783333333334
4350.783333333334
4350.783333333334
4350.783333333334
4350.783333333334
4350.783333333334
4350.783333333334
4350.783333333334
4350.783333333334
300.6
300.6
300.6
300.6
300.6
300.6
300.6
300.6
300.6
300.6
300.6
300.6
300.6
300.6
300.6
300.6
300.6
300.6
300.6
300.6
300.6
300.6
300.6
300.6
300.6
300.6
300.6
300.6
300.6
300.6
300.6
300.6
300.6
300.6
300.6
300.6
300.6
300.6
300.6
300.6
300.6
300.6
300.6
300.6
300.6
300.6
300.6
300.6
300.6
300.6
300.6
300.6
300.6
300.6
300.6
300.6
300.6
300.6
300.6
300.6
908.0333333333333
908.0333333333333
908.0333333333333
908.0333333333333
908.0333333333333
908.0333333333333
908.0333333333333
908.0333333333333
908.0333333333333
908.0333333333333
908.0333333333333
908.0333333333333
908.0333333333333
908.0333333333333
908.0333333333333
908.0333333333333
908.0333333333333
908.0333333333333
908.0333333333333
908.0333333333333
908.0333333333333
908.0333333333333
908.0333333333333
908.0333333333333
908.0333333333333
908.0333333333333
908.0333333333333
908.0333333333333
908.0333333333333
908.0333333333333
908.0333333333333
908.0333333333333
908.0333333333333
908.0333333333333
908.0333333333333
908.0333333333333
908.0333333333333
908.0333333333333
908.0333333333333
908.0333333333333
908.0333333333333
908.0333333333333
908.0333333333333
908.0333333333333
908.0333333333333
908.0333333333333
908.0333333333333
908.0333333333333
908.0333333333333
908.0333333333333
908.0333333333333
908.0333333333333
908.0333333333333
908.0333333333333
908.0333333333333
908.0333333333333
908.0333333333333
908.0333333333333
908.0333333333333
908.0333333333333
2.0
2.0
2.0
2.0
2.0
2.0
2.0
2.0
2.0
2.0
2.0
2.0
2.0
2.0
2.0
2.0
2.0
2.0
2.0
2.0
2.0
2.0
2.0
2.0
2.0
2.0
2.0
2.0
2.0
2.0
2.0
2.0
2.0
2.0
2.0
2.0
2.0
2.0
2.0
2.0
2.0
2.0
2.0
2.0
2.0
2.0
2.0
2.0
2.0
2.0
2.0
2.0
2.0
2.0
2.0
2.0
2.0
2.0
2.0
2.0
65.4
56.333333333333336
65.4
65.4
56.333333333333336
65.4
65.4
65.4
65.4
56.333333333333336
56.333333333333336
65.4
65.4
56.333333333333336
65.4
56.333333333333336
65.4
65.4
56.333333333333336
65.4
56.333333333333336
65.4
65.4
65.4
65.4
65.4
56.333333333333336
56.333333333333336
65.4
65.4
56.333333333333336
65.4
34.404212104779866
65.4
56.333333333333336
65.4
65.4
65.4
65.4
65.4
56.333333333333336
65.4
56.333333333333336
65.4
65.4
65.4
65.4
65.4
65.4
56.333333333333336
65.4
56.333333333333336
56.333333333333336
34.404212104779866
65.4
65.4
65.4
56.333333333333336
65.4
65.4
1.0
1.0
1.0
1.0
1.0
1.0
1.0
1.0
1.0
1.0
1.0
1.0
1.0
1.0
1.0
1.0
1.0
1.0
1.0
1.0
1.0
1.0
1.0
1.0
1.0
1.0
1.0
1.0
1.0
1.0
1.0
1.0
1.0
1.0
1.0
1.0
1.0
1.0
1.0
1.0
1.0
1.0
1.0
1.0
1.0
1.0
1.0
1.0
1.0
1.0
1.0
1.0
1.0
1.0
1.0
1.0
1.0
1.0
1.0
1.0
13757.65
13757.65
13757.65
13757.65
13757.65
13757.65
13757.65
13757.65
13757.65
13757.65
13757.65
13757.65
13757.65
13757.65
13757.65
13757.65
13757.65
13757.65
13757.65
13757.65
13757.65
13757.65
13757.65
13757.65
13757.65
13757.65
13757.65
13757.65
13757.65
13757.65
13757.65
13757.65
13757.65
13757.65
13757.65
13757.65
13757.65
13757.65
13757.65
13757.65
13757.65
13757.65
13757.65
13757.65
13757.65
13757.65
13757.65
13757.65
13757.65
13757.65
13757.65
13757.65
13757.65
13757.65
13757.65
13757.65
13757.65
13757.65
13757.65
13757.65
1349.5686274509803
10607.111111111111
10607.111111111111
1349.5686274509803
1349.5686274509803
1349.5686274509803
1349.5686274509803
1349.5686274509803
1349.5686274509803
10607.111111111111
1349.5686274509803
1349.5686274509803
1349.5686274509803
1349.5686274509803
1349.5686274509803
1349.5686274509803
1349.5686274509803
10607.111111111111
1349.5686274509803
1349.5686274509803
1349.5686274509803
1349.5686274509803
1349.5686274509803
1349.5686274509803
1349.5686274509803
1349.5686274509803
1349.5686274509803
1349.5686274509803
1349.5686274509803
1349.5686274509803
1349.5686274509803
1349.5686274509803
1349.5686274509803
1349.5686274509803
1349.5686274509803
1349.5686274509803
1349.5686274509803
1349.5686274509803
1349.5686274509803
1349.5686274509803
1349.5686274509803
1349.5686274509803
1349.5686274509803
1349.5686274509803
1349.5686274509803
10607.111111111111
1349.5686274509803
1349.5686274509803
1349.5686274509803
10607.111111111111
1349.5686274509803
1349.5686274509803
1349.5686274509803
10607.111111111111
1349.5686274509803
10607.111111111111
1349.5686274509803
1349.5686274509803
10607.111111111111
1349.5686274509803
337420.0
337420.0
337420.0
337420.0
337420.0
337420.0
404904.0
404904.0
308498.28571428574
530874.1333333333
530874.1333333333
250654.85714285713
530874.1333333333
530874.1333333333
250654.85714285713
269936.0
308498.28571428574
269936.0
404904.0
530874.1333333333
530874.1333333333
1263940.441818489
530874.1333333333
530874.1333333333
530874.1333333333
250654.85714285713
250654.85714285713
530874.1333333333
530874.1333333333
530874.1333333333
250654.85714285713
337420.0
337420.0
404904.0
269936.0
263026.9458094697
269936.0
216865.95810096627
269936.0
530874.1333333333
250654.85714285713
530874.1333333333
250654.85714285713
530874.1333333333
337420.0
337420.0
404904.0
308498.28571428574
269936.0
308498.28571428574
269936.0
269936.0
308498.28571428574
308498.28571428574
269936.0
337420.0
337420.0
308498.28571428574
269936.0
269936.0
