ex_time
1.0
1.0
1.0
1.0
1.0
1.0
1.0
1.0
1.0
1.0
1.0
1.0
1.0
1.0
1.0
1.0
1.0
1.0
1.0
1.0
1.0
1.0
1.0
1.0
1.0
1.0
1.0
1.0
1.0
1.0
1.0
1.0
1.0
1.0
1.0
1.0
1.0
1.0
1.0
1.0
1.0
1.0
1.0
1.0
1.0
1.0
1.0
1.0
1.0
1.0
1.0
1.0
1.0
1.0
1.0
1.0
1.0
1.0
1.0
1.0
13.866666666666667
13.866666666666667
13.866666666666667
13.866666666666667
13.866666666666667
13.95609756097561
13.95609756097561
13.95609756097561
13.95609756097561
13.95609756097561
13.95609756097561
13.95609756097561
13.95609756097561
13.95609756097561
13.95609756097561
13.95609756097561
13.95609756097561
13.95609756097561
14.0
14.0
14.0
14.0
14.0
14.0
13.95609756097561
13.95609756097561
13.95609756097561
13.95609756097561
14.0
13.96253098795351
13.95609756097561
13.95609756097561
13.95609756097561
14.0
14.0
13.95609756097561
13.95609756097561
13.95609756097561
13.95609756097561
13.95609756097561
13.95609756097561
13.95609756097561
13.95609756097561
13.95609756097561
13.95609756097561
13.95609756097561
13.95609756097561
13.95609756097561
13.95609756097561
13.95609756097561
13.95609756097561
14.0
13.866666666666667
13.95609756097561
14.0
13.95609756097561
13.95609756097561
13.95609756097561
14.0
13.95609756097561
1.0
1.0
1.0
1.0
1.0
1.0
1.0
1.0
1.0
1.0
1.0
1.0
1.0
1.0
1.0
1.0
1.0
1.0
1.0
1.0
1.0
1.0
1.0
1.0
1.0
1.0
1.0
1.0
1.0
1.0
1.0
1.0
1.0
1.0
1.0
1.0
1.0
1.0
1.0
1.0
1.0
1.0
1.0
1.0
1.0
1.0
1.0
1.0
1.0
1.0
1.0
1.0
1.0
1.0
1.0
1.0
1.0
1.0
1.0
1.0
1.0
1.0
1.0
1.0
1.0
1.0
1.0
1.0
1.0
1.0
1.0
1.0
1.0
1.0
1.0
1.0
1.0
1.0
1.0
1.0
1.0
1.0
1.0
1.0
1.0
1.0
1.0
1.0
1.0
1.0
1.0
1.0
1.0
1.0
1.0
1.0
1.0
1.0
1.0
1.0
1.0
1.0
1.0
1.0
1.0
1.0
1.0
1.0
1.0
1.0
1.0
1.0
1.0
1.0
1.0
1.0
1.0
1.0
1.0
1.0
20.246666666666666
20.246666666666666
20.246666666666666
20.246666666666666
20.246666666666666
20.246666666666666
20.246666666666666
20.246666666666666
20.246666666666666
20.246666666666666
20.246666666666666
20.246666666666666
20.246666666666666
20.246666666666666
20.246666666666666
20.246666666666666
20.246666666666666
20.246666666666666
20.246666666666666
20.246666666666666
20.246666666666666
20.246666666666666
20.246666666666666
20.246666666666666
20.246666666666666
20.246666666666666
20.246666666666666
20.246666666666666
20.246666666666666
20.246666666666666
20.246666666666666
20.246666666666666
20.246666666666666
20.246666666666666
20.246666666666666
20.246666666666666
20.246666666666666
20.246666666666666
20.246666666666666
20.246666666666666
20.246666666666666
20.246666666666666
20.246666666666666
20.246666666666666
20.246666666666666
20.246666666666666
20.246666666666666
20.246666666666666
20.246666666666666
20.246666666666666
20.246666666666666
20.246666666666666
20.246666666666666
20.246666666666666
20.246666666666666
20.246666666666666
20.246666666666666
20.246666666666666
20.246666666666666
20.246666666666666
0.9766666666666667
0.9766666666666667
0.9766666666666667
0.9766666666666667
0.9766666666666667
0.9766666666666667
0.9766666666666667
0.9766666666666667
0.9766666666666667
0.9766666666666667
0.9766666666666667
0.9766666666666667
0.9766666666666667
0.9766666666666667
0.9766666666666667
0.9766666666666667
0.9766666666666667
0.9766666666666667
0.9766666666666667
0.9766666666666667
0.9766666666666667
0.9766666666666667
0.9766666666666667
0.9766666666666667
0.9766666666666667
0.9766666666666667
0.9766666666666667
0.9766666666666667
0.9766666666666667
0.9766666666666667
0.9766666666666667
0.9766666666666667
0.9766666666666667
0.9766666666666667
0.9766666666666667
0.9766666666666667
0.9766666666666667
0.9766666666666667
0.9766666666666667
0.9766666666666667
0.9766666666666667
0.9766666666666667
0.9766666666666667
0.9766666666666667
0.9766666666666667
0.9766666666666667
0.9766666666666667
0.9766666666666667
0.9766666666666667
0.9766666666666667
0.9766666666666667
0.9766666666666667
0.9766666666666667
0.9766666666666667
0.9766666666666667
0.9766666666666667
0.9766666666666667
0.9766666666666667
0.9766666666666667
0.9766666666666667
1.0
1.0
1.0
1.0
1.0
1.0
1.0
1.0
1.0
1.0
1.0
1.0
1.0
1.0
1.0
1.0
1.0
1.0
1.0
1.0
1.0
1.0
1.0
1.0
1.0
1.0
1.0
1.0
1.0
1.0
1.0
1.0
1.0
1.0
1.0
1.0
1.0
1.0
1.0
1.0
1.0
1.0
1.0
1.0
1.0
1.0
1.0
1.0
1.0
1.0
1.0
1.0
1.0
1.0
1.0
1.0
1.0
1.0
1.0
1.0
50.47586206896552
50.242105263157896
50.47586206896552
49.955555555555556
50.47586206896552
50.242105263157896
50.47586206896552
50.085522067740825
50.47586206896552
50.47586206896552
50.47586206896552
50.47586206896552
50.47586206896552
50.47586206896552
50.47586206896552
50.47586206896552
50.47586206896552
50.47586206896552
50.47586206896552
50.47586206896552
50.47586206896552
50.47586206896552
50.47586206896552
50.47586206896552
50.47586206896552
50.47586206896552
50.47586206896552
50.47586206896552
50.47586206896552
50.47586206896552
50.242105263157896
50.242105263157896
50.242105263157896
50.242105263157896
50.242105263157896
50.242105263157896
50.242105263157896
50.242105263157896
50.242105263157896
50.242105263157896
50.41653483294331
50.47586206896552
50.47586206896552
50.242105263157896
50.242105263157896
50.47586206896552
50.085522067740825
50.242105263157896
49.955555555555556
49.955555555555556
49.955555555555556
49.955555555555556
49.955555555555556
49.955555555555556
49.955555555555556
49.955555555555556
50.242105263157896
50.242105263157896
50.242105263157896
50.242105263157896
0.9733333333333334
0.9733333333333334
0.9733333333333334
0.9733333333333334
0.9733333333333334
0.9733333333333334
0.9733333333333334
0.9733333333333334
0.9733333333333334
0.9733333333333334
0.9733333333333334
0.9733333333333334
0.9733333333333334
0.9733333333333334
0.9733333333333334
0.9733333333333334
0.9733333333333334
0.9733333333333334
0.9733333333333334
0.9733333333333334
0.9733333333333334
0.9733333333333334
0.9733333333333334
0.9733333333333334
0.9733333333333334
0.9733333333333334
0.9733333333333334
0.9733333333333334
0.9733333333333334
0.9733333333333334
0.9733333333333334
0.9733333333333334
0.9733333333333334
0.9733333333333334
0.9733333333333334
0.9733333333333334
0.9733333333333334
0.9733333333333334
0.9733333333333334
0.9733333333333334
0.9733333333333334
0.9733333333333334
0.9733333333333334
0.9733333333333334
0.9733333333333334
0.9733333333333334
0.9733333333333334
0.9733333333333334
0.9733333333333334
0.9733333333333334
0.9733333333333334
0.9733333333333334
0.9733333333333334
0.9733333333333334
0.9733333333333334
0.9733333333333334
0.9733333333333334
0.9733333333333334
0.9733333333333334
0.9733333333333334
1.0
1.0
1.0
1.0
1.0
1.0
1.0
1.0
1.0
1.0
1.0
1.0
1.0
1.0
1.0
1.0
1.0
1.0
1.0
1.0
1.0
1.0
1.0
1.0
1.0
1.0
1.0
1.0
1.0
1.0
1.0
1.0
1.0
1.0
1.0
1.0
1.0
1.0
1.0
1.0
1.0
1.0
1.0
1.0
1.0
1.0
1.0
1.0
1.0
1.0
1.0
1.0
1.0
1.0
1.0
1.0
1.0
1.0
1.0
1.0
13.752380952380953
13.912820512820513
13.912820512820513
13.752380952380953
13.912820512820513
13.912820512820513
13.912820512820513
13.912820512820513
13.912820512820513
13.912820512820513
13.912820512820513
13.912820512820513
13.912820512820513
13.912820512820513
13.912820512820513
13.912820512820513
13.752380952380953
13.912820512820513
13.912820512820513
13.752380952380953
13.752380952380953
13.752380952380953
13.752380952380953
13.752380952380953
13.752380952380953
13.752380952380953
13.752380952380953
13.752380952380953
13.752380952380953
13.912820512820513
13.912820512820513
13.912820512820513
13.752380952380953
13.912820512820513
13.912820512820513
13.752380952380953
13.752380952380953
13.912820512820513
13.912820512820513
13.912820512820513
13.912820512820513
13.752380952380953
13.912820512820513
13.912820512820513
13.912820512820513
13.912820512820513
13.912820512820513
13.912820512820513
13.912820512820513
13.912820512820513
13.752380952380953
13.912820512820513
13.912820512820513
13.912820512820513
13.912820512820513
13.912820512820513
13.912820512820513
13.752380952380953
13.752380952380953
13.752380952380953
1.0
1.0
1.0
1.0
1.0
1.0
1.0
1.0
1.0
1.0
1.0
1.0
1.0
1.0
1.0
1.0
1.0
1.0
1.0
1.0
1.0
1.0
1.0
1.0
1.0
1.0
1.0
1.0
1.0
1.0
1.0
1.0
1.0
1.0
1.0
1.0
1.0
1.0
1.0
1.0
1.0
1.0
1.0
1.0
1.0
1.0
1.0
1.0
1.0
1.0
1.0
1.0
1.0
1.0
1.0
1.0
1.0
1.0
1.0
1.0
1.0
1.0
1.0
1.0
1.0
1.0
1.0
1.0
1.0
1.0
1.0
1.0
1.0
1.0
1.0
1.0
1.0
1.0
1.0
1.0
1.0
1.0
1.0
1.0
1.0
1.0
1.0
1.0
1.0
1.0
1.0
1.0
1.0
1.0
1.0
1.0
1.0
1.0
1.0
1.0
1.0
1.0
1.0
1.0
1.0
1.0
1.0
1.0
1.0
1.0
1.0
1.0
1.0
1.0
1.0
1.0
1.0
1.0
1.0
1.0
14.283333333333333
14.283333333333333
14.283333333333333
14.283333333333333
14.283333333333333
14.283333333333333
14.283333333333333
14.283333333333333
14.283333333333333
14.283333333333333
14.283333333333333
14.283333333333333
14.283333333333333
14.283333333333333
14.283333333333333
14.283333333333333
14.283333333333333
14.283333333333333
14.283333333333333
14.283333333333333
14.283333333333333
14.283333333333333
14.283333333333333
14.283333333333333
14.283333333333333
14.283333333333333
14.283333333333333
14.283333333333333
14.283333333333333
14.283333333333333
14.283333333333333
14.283333333333333
14.283333333333333
14.283333333333333
14.283333333333333
14.283333333333333
14.283333333333333
14.283333333333333
14.283333333333333
14.283333333333333
14.283333333333333
14.283333333333333
14.283333333333333
14.283333333333333
14.283333333333333
14.283333333333333
14.283333333333333
14.283333333333333
14.283333333333333
14.283333333333333
14.283333333333333
14.283333333333333
14.283333333333333
14.283333333333333
14.283333333333333
14.283333333333333
14.283333333333333
14.283333333333333
14.283333333333333
14.283333333333333
1.0
1.0
1.0
1.0
1.0
1.0
1.0
1.0
1.0
1.0
1.0
1.0
1.0
1.0
1.0
1.0
1.0
1.0
1.0
1.0
1.0
1.0
1.0
1.0
1.0
1.0
1.0
1.0
1.0
1.0
1.0
1.0
1.0
1.0
1.0
1.0
1.0
1.0
1.0
1.0
1.0
1.0
1.0
1.0
1.0
1.0
1.0
1.0
1.0
1.0
1.0
1.0
1.0
1.0
1.0
1.0
1.0
1.0
1.0
1.0
1.0
1.0
1.0
1.0
1.0
1.0
1.0
1.0
1.0
1.0
1.0
1.0
1.0
1.0
1.0
1.0
1.0
1.0
1.0
1.0
1.0
1.0
1.0
1.0
1.0
1.0
1.0
1.0
1.0
1.0
1.0
1.0
1.0
1.0
1.0
1.0
1.0
1.0
1.0
1.0
1.0
1.0
1.0
1.0
1.0
1.0
1.0
1.0
1.0
1.0
1.0
1.0
1.0
1.0
1.0
1.0
1.0
1.0
1.0
1.0
1.0
1.0
1.0
1.0
1.0
1.0
1.0
1.0
1.0
1.0
1.0
1.0
1.0
1.0
1.0
1.0
1.0
1.0
1.0
1.0
1.0
1.0
1.0
1.0
1.0
1.0
1.0
1.0
1.0
1.0
1.0
1.0
1.0
1.0
1.0
1.0
1.0
1.0
1.0
1.0
1.0
1.0
1.0
1.0
1.0
1.0
1.0
1.0
1.0
1.0
1.0
1.0
1.0
1.0
1.0
1.0
1.0
1.0
1.0
1.0
13.523333333333333
13.523333333333333
13.523333333333333
13.523333333333333
13.523333333333333
13.523333333333333
13.523333333333333
13.523333333333333
13.523333333333333
13.523333333333333
13.523333333333333
13.523333333333333
13.523333333333333
13.523333333333333
13.523333333333333
13.523333333333333
13.523333333333333
13.523333333333333
13.523333333333333
13.523333333333333
13.523333333333333
13.523333333333333
13.523333333333333
13.523333333333333
13.523333333333333
13.523333333333333
13.523333333333333
13.523333333333333
13.523333333333333
13.523333333333333
13.523333333333333
13.523333333333333
13.523333333333333
13.523333333333333
13.523333333333333
13.523333333333333
13.523333333333333
13.523333333333333
13.523333333333333
13.523333333333333
13.523333333333333
13.523333333333333
13.523333333333333
13.523333333333333
13.523333333333333
13.523333333333333
13.523333333333333
13.523333333333333
13.523333333333333
13.523333333333333
13.523333333333333
13.523333333333333
13.523333333333333
13.523333333333333
13.523333333333333
13.523333333333333
13.523333333333333
13.523333333333333
13.523333333333333
13.523333333333333
14.206666666666667
14.206666666666667
14.206666666666667
14.206666666666667
14.206666666666667
14.206666666666667
14.206666666666667
14.206666666666667
14.206666666666667
14.206666666666667
14.206666666666667
14.206666666666667
14.206666666666667
14.206666666666667
14.206666666666667
14.206666666666667
14.206666666666667
14.206666666666667
14.206666666666667
14.206666666666667
14.206666666666667
14.206666666666667
14.206666666666667
14.206666666666667
14.206666666666667
14.206666666666667
14.206666666666667
14.206666666666667
14.206666666666667
14.206666666666667
14.206666666666667
14.206666666666667
14.206666666666667
14.206666666666667
14.206666666666667
14.206666666666667
14.206666666666667
14.206666666666667
14.206666666666667
14.206666666666667
14.206666666666667
14.206666666666667
14.206666666666667
14.206666666666667
14.206666666666667
14.206666666666667
14.206666666666667
14.206666666666667
14.206666666666667
14.206666666666667
14.206666666666667
14.206666666666667
14.206666666666667
14.206666666666667
14.206666666666667
14.206666666666667
14.206666666666667
14.206666666666667
14.206666666666667
14.206666666666667
10.717647058823529
11.822222222222223
11.822222222222223
10.717647058823529
10.717647058823529
10.717647058823529
10.717647058823529
10.717647058823529
10.717647058823529
11.822222222222223
10.717647058823529
10.717647058823529
10.717647058823529
10.717647058823529
10.717647058823529
10.717647058823529
10.717647058823529
11.822222222222223
10.717647058823529
10.717647058823529
10.717647058823529
10.717647058823529
10.717647058823529
10.717647058823529
10.717647058823529
10.717647058823529
10.717647058823529
10.717647058823529
10.717647058823529
10.717647058823529
10.717647058823529
10.717647058823529
10.717647058823529
10.717647058823529
10.717647058823529
10.717647058823529
10.717647058823529
10.717647058823529
10.717647058823529
10.717647058823529
10.717647058823529
10.717647058823529
10.717647058823529
10.717647058823529
10.717647058823529
11.822222222222223
10.717647058823529
10.717647058823529
10.717647058823529
11.822222222222223
10.717647058823529
10.717647058823529
10.717647058823529
11.822222222222223
10.717647058823529
11.822222222222223
10.717647058823529
10.717647058823529
11.822222222222223
10.717647058823529
103.05
103.05
103.05
103.05
103.05
103.05
90.44
90.44
102.4
98.25333333333333
98.25333333333333
92.14285714285714
98.25333333333333
98.25333333333333
92.14285714285714
96.25454545454545
102.4
96.25454545454545
90.44
98.25333333333333
98.25333333333333
88.75124689857635
98.25333333333333
98.25333333333333
98.25333333333333
92.14285714285714
92.14285714285714
98.25333333333333
98.25333333333333
98.25333333333333
92.14285714285714
103.05
103.05
90.44
96.25454545454545
101.45647448222361
96.25454545454545
90.03960874736359
96.25454545454545
98.25333333333333
92.14285714285714
98.25333333333333
92.14285714285714
98.25333333333333
103.05
103.05
90.44
102.4
96.25454545454545
102.4
96.25454545454545
96.25454545454545
102.4
102.4
96.25454545454545
103.05
103.05
102.4
96.25454545454545
96.25454545454545
