ex_time
1.0
1.0
1.0
1.0
1.0
1.0
1.0
1.0
1.0
1.0
1.0
1.0
1.0
1.0
1.0
1.0
1.0
1.0
1.0
1.0
1.0
1.0
1.0
1.0
1.0
1.0
1.0
1.0
1.0
1.0
1.0
1.0
1.0
1.0
1.0
1.0
1.0
1.0
1.0
1.0
1.0
1.0
1.0
1.0
1.0
1.0
1.0
1.0
1.0
1.0
1.0
1.0
1.0
1.0
1.0
1.0
1.0
1.0
1.0
1.0
13.945833333333333
13.945833333333333
13.945833333333333
13.945833333333333
13.945833333333333
13.945833333333333
13.945833333333333
13.945833333333333
13.945833333333333
13.945833333333333
13.945833333333333
13.945833333333333
13.945833333333333
13.945833333333333
13.945833333333333
13.945833333333333
13.945833333333333
13.945833333333333
14.0
14.0
14.0
14.0
14.0
14.0
13.945833333333333
13.945833333333333
13.945833333333333
13.945833333333333
14.0
13.945833333333333
13.945833333333333
13.945833333333333
13.945833333333333
14.0
14.0
13.945833333333333
13.945833333333333
13.945833333333333
13.945833333333333
13.945833333333333
13.945833333333333
13.945833333333333
13.945833333333333
13.945833333333333
13.945833333333333
13.945833333333333
13.945833333333333
13.945833333333333
13.945833333333333
13.945833333333333
13.945833333333333
14.0
13.945833333333333
13.945833333333333
14.0
13.945833333333333
13.945833333333333
13.945833333333333
14.0
13.945833333333333
1.0
1.0
1.0
1.0
1.0
1.0
1.0
1.0
1.0
1.0
1.0
1.0
1.0
1.0
1.0
1.0
1.0
1.0
1.0
1.0
1.0
1.0
1.0
1.0
1.0
1.0
1.0
1.0
1.0
1.0
1.0
1.0
1.0
1.0
1.0
1.0
1.0
1.0
1.0
1.0
1.0
1.0
1.0
1.0
1.0
1.0
1.0
1.0
1.0
1.0
1.0
1.0
1.0
1.0
1.0
1.0
1.0
1.0
1.0
1.0
1.0
1.0
1.0
1.0
1.0
1.0
1.0
1.0
1.0
1.0
1.0
1.0
1.0
1.0
1.0
1.0
1.0
1.0
1.0
1.0
1.0
1.0
1.0
1.0
1.0
1.0
1.0
1.0
1.0
1.0
1.0
1.0
1.0
1.0
1.0
1.0
1.0
1.0
1.0
1.0
1.0
1.0
1.0
1.0
1.0
1.0
1.0
1.0
1.0
1.0
1.0
1.0
1.0
1.0
1.0
1.0
1.0
1.0
1.0
1.0
20.246666666666666
20.246666666666666
20.246666666666666
20.246666666666666
20.246666666666666
20.246666666666666
20.246666666666666
20.246666666666666
20.246666666666666
20.246666666666666
20.246666666666666
20.246666666666666
20.246666666666666
20.246666666666666
20.246666666666666
20.246666666666666
20.246666666666666
20.246666666666666
20.246666666666666
20.246666666666666
20.246666666666666
20.246666666666666
20.246666666666666
20.246666666666666
20.246666666666666
20.246666666666666
20.246666666666666
20.246666666666666
20.246666666666666
20.246666666666666
20.246666666666666
20.246666666666666
20.246666666666666
20.246666666666666
20.246666666666666
20.246666666666666
20.246666666666666
20.246666666666666
20.246666666666666
20.246666666666666
20.246666666666666
20.246666666666666
20.246666666666666
20.246666666666666
20.246666666666666
20.246666666666666
20.246666666666666
20.246666666666666
20.246666666666666
20.246666666666666
20.246666666666666
20.246666666666666
20.246666666666666
20.246666666666666
20.246666666666666
20.246666666666666
20.246666666666666
20.246666666666666
20.246666666666666
20.246666666666666
0.9766666666666667
0.9766666666666667
0.9766666666666667
0.9766666666666667
0.9766666666666667
0.9766666666666667
0.9766666666666667
0.9766666666666667
0.9766666666666667
0.9766666666666667
0.9766666666666667
0.9766666666666667
0.9766666666666667
0.9766666666666667
0.9766666666666667
0.9766666666666667
0.9766666666666667
0.9766666666666667
0.9766666666666667
0.9766666666666667
0.9766666666666667
0.9766666666666667
0.9766666666666667
0.9766666666666667
0.9766666666666667
0.9766666666666667
0.9766666666666667
0.9766666666666667
0.9766666666666667
0.9766666666666667
0.9766666666666667
0.9766666666666667
0.9766666666666667
0.9766666666666667
0.9766666666666667
0.9766666666666667
0.9766666666666667
0.9766666666666667
0.9766666666666667
0.9766666666666667
0.9766666666666667
0.9766666666666667
0.9766666666666667
0.9766666666666667
0.9766666666666667
0.9766666666666667
0.9766666666666667
0.9766666666666667
0.9766666666666667
0.9766666666666667
0.9766666666666667
0.9766666666666667
0.9766666666666667
0.9766666666666667
0.9766666666666667
0.9766666666666667
0.9766666666666667
0.9766666666666667
0.9766666666666667
0.9766666666666667
1.0
1.0
1.0
1.0
1.0
1.0
1.0
1.0
1.0
1.0
1.0
1.0
1.0
1.0
1.0
1.0
1.0
1.0
1.0
1.0
1.0
1.0
1.0
1.0
1.0
1.0
1.0
1.0
1.0
1.0
1.0
1.0
1.0
1.0
1.0
1.0
1.0
1.0
1.0
1.0
1.0
1.0
1.0
1.0
1.0
1.0
1.0
1.0
1.0
1.0
1.0
1.0
1.0
1.0
1.0
1.0
1.0
1.0
1.0
1.0
50.375510204081635
50.375510204081635
50.375510204081635
49.955555555555556
50.375510204081635
50.375510204081635
50.375510204081635
50.10030665928776
50.375510204081635
50.375510204081635
50.375510204081635
50.375510204081635
50.375510204081635
50.375510204081635
50.375510204081635
50.375510204081635
50.375510204081635
50.375510204081635
50.375510204081635
50.375510204081635
50.375510204081635
50.375510204081635
50.375510204081635
50.375510204081635
50.375510204081635
50.375510204081635
50.375510204081635
50.375510204081635
50.375510204081635
50.375510204081635
50.375510204081635
50.375510204081635
50.375510204081635
50.375510204081635
50.375510204081635
50.375510204081635
50.375510204081635
50.375510204081635
50.375510204081635
50.375510204081635
50.375510204081635
50.375510204081635
50.375510204081635
50.375510204081635
50.375510204081635
50.375510204081635
50.10030665928776
50.375510204081635
49.955555555555556
49.955555555555556
49.955555555555556
49.955555555555556
49.955555555555556
49.955555555555556
49.955555555555556
49.955555555555556
50.375510204081635
50.375510204081635
50.375510204081635
50.375510204081635
0.9733333333333334
0.9733333333333334
0.9733333333333334
0.9733333333333334
0.9733333333333334
0.9733333333333334
0.9733333333333334
0.9733333333333334
0.9733333333333334
0.9733333333333334
0.9733333333333334
0.9733333333333334
0.9733333333333334
0.9733333333333334
0.9733333333333334
0.9733333333333334
0.9733333333333334
0.9733333333333334
0.9733333333333334
0.9733333333333334
0.9733333333333334
0.9733333333333334
0.9733333333333334
0.9733333333333334
0.9733333333333334
0.9733333333333334
0.9733333333333334
0.9733333333333334
0.9733333333333334
0.9733333333333334
0.9733333333333334
0.9733333333333334
0.9733333333333334
0.9733333333333334
0.9733333333333334
0.9733333333333334
0.9733333333333334
0.9733333333333334
0.9733333333333334
0.9733333333333334
0.9733333333333334
0.9733333333333334
0.9733333333333334
0.9733333333333334
0.9733333333333334
0.9733333333333334
0.9733333333333334
0.9733333333333334
0.9733333333333334
0.9733333333333334
0.9733333333333334
0.9733333333333334
0.9733333333333334
0.9733333333333334
0.9733333333333334
0.9733333333333334
0.9733333333333334
0.9733333333333334
0.9733333333333334
0.9733333333333334
1.0
1.0
1.0
1.0
1.0
1.0
1.0
1.0
1.0
1.0
1.0
1.0
1.0
1.0
1.0
1.0
1.0
1.0
1.0
1.0
1.0
1.0
1.0
1.0
1.0
1.0
1.0
1.0
1.0
1.0
1.0
1.0
1.0
1.0
1.0
1.0
1.0
1.0
1.0
1.0
1.0
1.0
1.0
1.0
1.0
1.0
1.0
1.0
1.0
1.0
1.0
1.0
1.0
1.0
1.0
1.0
1.0
1.0
1.0
1.0
13.752380952380953
13.912820512820513
13.912820512820513
13.752380952380953
13.912820512820513
13.912820512820513
13.912820512820513
13.912820512820513
13.912820512820513
13.912820512820513
13.912820512820513
13.912820512820513
13.912820512820513
13.912820512820513
13.912820512820513
13.912820512820513
13.752380952380953
13.912820512820513
13.912820512820513
13.752380952380953
13.752380952380953
13.752380952380953
13.752380952380953
13.752380952380953
13.752380952380953
13.752380952380953
13.752380952380953
13.752380952380953
13.752380952380953
13.912820512820513
13.912820512820513
13.912820512820513
13.752380952380953
13.912820512820513
13.912820512820513
13.752380952380953
13.752380952380953
13.912820512820513
13.912820512820513
13.912820512820513
13.912820512820513
13.752380952380953
13.912820512820513
13.912820512820513
13.912820512820513
13.912820512820513
13.912820512820513
13.912820512820513
13.912820512820513
13.912820512820513
13.752380952380953
13.912820512820513
13.912820512820513
13.912820512820513
13.912820512820513
13.912820512820513
13.912820512820513
13.752380952380953
13.752380952380953
13.752380952380953
1.0
1.0
1.0
1.0
1.0
1.0
1.0
1.0
1.0
1.0
1.0
1.0
1.0
1.0
1.0
1.0
1.0
1.0
1.0
1.0
1.0
1.0
1.0
1.0
1.0
1.0
1.0
1.0
1.0
1.0
1.0
1.0
1.0
1.0
1.0
1.0
1.0
1.0
1.0
1.0
1.0
1.0
1.0
1.0
1.0
1.0
1.0
1.0
1.0
1.0
1.0
1.0
1.0
1.0
1.0
1.0
1.0
1.0
1.0
1.0
1.0
1.0
1.0
1.0
1.0
1.0
1.0
1.0
1.0
1.0
1.0
1.0
1.0
1.0
1.0
1.0
1.0
1.0
1.0
1.0
1.0
1.0
1.0
1.0
1.0
1.0
1.0
1.0
1.0
1.0
1.0
1.0
1.0
1.0
1.0
1.0
1.0
1.0
1.0
1.0
1.0
1.0
1.0
1.0
1.0
1.0
1.0
1.0
1.0
1.0
1.0
1.0
1.0
1.0
1.0
1.0
1.0
1.0
1.0
1.0
14.283333333333333
14.283333333333333
14.283333333333333
14.283333333333333
14.283333333333333
14.283333333333333
14.283333333333333
14.283333333333333
14.283333333333333
14.283333333333333
14.283333333333333
14.283333333333333
14.283333333333333
14.283333333333333
14.283333333333333
14.283333333333333
14.283333333333333
14.283333333333333
14.283333333333333
14.283333333333333
14.283333333333333
14.283333333333333
14.283333333333333
14.283333333333333
14.283333333333333
14.283333333333333
14.283333333333333
14.283333333333333
14.283333333333333
14.283333333333333
14.283333333333333
14.283333333333333
14.283333333333333
14.283333333333333
14.283333333333333
14.283333333333333
14.283333333333333
14.283333333333333
14.283333333333333
14.283333333333333
14.283333333333333
14.283333333333333
14.283333333333333
14.283333333333333
14.283333333333333
14.283333333333333
14.283333333333333
14.283333333333333
14.283333333333333
14.283333333333333
14.283333333333333
14.283333333333333
14.283333333333333
14.283333333333333
14.283333333333333
14.283333333333333
14.283333333333333
14.283333333333333
14.283333333333333
14.283333333333333
1.0
1.0
1.0
1.0
1.0
1.0
1.0
1.0
1.0
1.0
1.0
1.0
1.0
1.0
1.0
1.0
1.0
1.0
1.0
1.0
1.0
1.0
1.0
1.0
1.0
1.0
1.0
1.0
1.0
1.0
1.0
1.0
1.0
1.0
1.0
1.0
1.0
1.0
1.0
1.0
1.0
1.0
1.0
1.0
1.0
1.0
1.0
1.0
1.0
1.0
1.0
1.0
1.0
1.0
1.0
1.0
1.0
1.0
1.0
1.0
1.0
1.0
1.0
1.0
1.0
1.0
1.0
1.0
1.0
1.0
1.0
1.0
1.0
1.0
1.0
1.0
1.0
1.0
1.0
1.0
1.0
1.0
1.0
1.0
1.0
1.0
1.0
1.0
1.0
1.0
1.0
1.0
1.0
1.0
1.0
1.0
1.0
1.0
1.0
1.0
1.0
1.0
1.0
1.0
1.0
1.0
1.0
1.0
1.0
1.0
1.0
1.0
1.0
1.0
1.0
1.0
1.0
1.0
1.0
1.0
1.0
1.0
1.0
1.0
1.0
1.0
1.0
1.0
1.0
1.0
1.0
1.0
1.0
1.0
1.0
1.0
1.0
1.0
1.0
1.0
1.0
1.0
1.0
1.0
1.0
1.0
1.0
1.0
1.0
1.0
1.0
1.0
1.0
1.0
1.0
1.0
1.0
1.0
1.0
1.0
1.0
1.0
1.0
1.0
1.0
1.0
1.0
1.0
1.0
1.0
1.0
1.0
1.0
1.0
1.0
1.0
1.0
1.0
1.0
1.0
13.523333333333333
13.523333333333333
13.523333333333333
13.523333333333333
13.523333333333333
13.523333333333333
13.523333333333333
13.523333333333333
13.523333333333333
13.523333333333333
13.523333333333333
13.523333333333333
13.523333333333333
13.523333333333333
13.523333333333333
13.523333333333333
13.523333333333333
13.523333333333333
13.523333333333333
13.523333333333333
13.523333333333333
13.523333333333333
13.523333333333333
13.523333333333333
13.523333333333333
13.523333333333333
13.523333333333333
13.523333333333333
13.523333333333333
13.523333333333333
13.523333333333333
13.523333333333333
13.523333333333333
13.523333333333333
13.523333333333333
13.523333333333333
13.523333333333333
13.523333333333333
13.523333333333333
13.523333333333333
13.523333333333333
13.523333333333333
13.523333333333333
13.523333333333333
13.523333333333333
13.523333333333333
13.523333333333333
13.523333333333333
13.523333333333333
13.523333333333333
13.523333333333333
13.523333333333333
13.523333333333333
13.523333333333333
13.523333333333333
13.523333333333333
13.523333333333333
13.523333333333333
13.523333333333333
13.523333333333333
14.206666666666667
14.206666666666667
14.206666666666667
14.206666666666667
14.206666666666667
14.206666666666667
14.206666666666667
14.206666666666667
14.206666666666667
14.206666666666667
14.206666666666667
14.206666666666667
14.206666666666667
14.206666666666667
14.206666666666667
14.206666666666667
14.206666666666667
14.206666666666667
14.206666666666667
14.206666666666667
14.206666666666667
14.206666666666667
14.206666666666667
14.206666666666667
14.206666666666667
14.206666666666667
14.206666666666667
14.206666666666667
14.206666666666667
14.206666666666667
14.206666666666667
14.206666666666667
14.206666666666667
14.206666666666667
14.206666666666667
14.206666666666667
14.206666666666667
14.206666666666667
14.206666666666667
14.206666666666667
14.206666666666667
14.206666666666667
14.206666666666667
14.206666666666667
14.206666666666667
14.206666666666667
14.206666666666667
14.206666666666667
14.206666666666667
14.206666666666667
14.206666666666667
14.206666666666667
14.206666666666667
14.206666666666667
14.206666666666667
14.206666666666667
14.206666666666667
14.206666666666667
14.206666666666667
14.206666666666667
10.883333333333333
10.883333333333333
10.883333333333333
10.883333333333333
10.883333333333333
10.883333333333333
10.883333333333333
10.883333333333333
10.883333333333333
10.883333333333333
10.883333333333333
10.883333333333333
10.883333333333333
10.883333333333333
10.883333333333333
10.883333333333333
10.883333333333333
10.883333333333333
10.883333333333333
10.883333333333333
10.883333333333333
10.883333333333333
10.883333333333333
10.883333333333333
10.883333333333333
10.883333333333333
10.883333333333333
10.883333333333333
10.883333333333333
10.883333333333333
10.883333333333333
10.883333333333333
10.883333333333333
10.883333333333333
10.883333333333333
10.883333333333333
10.883333333333333
10.883333333333333
10.883333333333333
10.883333333333333
10.883333333333333
10.883333333333333
10.883333333333333
10.883333333333333
10.883333333333333
10.883333333333333
10.883333333333333
10.883333333333333
10.883333333333333
10.883333333333333
10.883333333333333
10.883333333333333
10.883333333333333
10.883333333333333
10.883333333333333
10.883333333333333
10.883333333333333
10.883333333333333
10.883333333333333
10.883333333333333
103.05
103.05
103.05
103.05
103.05
103.05
96.56923076923077
96.56923076923077
96.56923076923077
98.25333333333333
98.25333333333333
85.93333333333334
98.25333333333333
98.25333333333333
96.8
94.7
96.56923076923077
94.7
96.56923076923077
98.25333333333333
98.25333333333333
100.54867222313628
98.25333333333333
98.25333333333333
98.25333333333333
85.93333333333334
85.93333333333334
98.25333333333333
98.25333333333333
98.25333333333333
96.8
103.05
103.05
96.56923076923077
100.4
101.38339515624727
100.4
96.56923076923077
100.4
98.25333333333333
96.8
98.25333333333333
96.8
98.25333333333333
103.05
103.05
96.56923076923077
96.56923076923077
94.7
96.56923076923077
94.7
94.7
96.56923076923077
96.56923076923077
94.7
103.05
103.05
96.56923076923077
94.7
94.7
