139.712
63.234
96.264
63.363
64.937
64.724
68.913
3.147
62.517
62.74
65.586
63.045
63.994
63.552
63.204
65.867
65.263
111.63
62.577
64.721
66.311
67.234
63.918
67.229
313.27
65.232
361.112
452.417
191.876
609.808
236.664
748.666
321.76
332.809
269.813
117.726
63.96
495.409
96.711
686.645
147.81
95.994
639.993
240.886
312.518
929.113
219.306
480.402
189.865
110.788
194.442
298.087
428.63
322.782
221.403
590.304
510.348
782.303
260.297
272.773
379.605
340.716
441.507
749.387
158.599
458.145
97.601
128.084
133.439
235.403
115.156
93.633
130.774
145.805
101.5
88.562
64.012
91.76
105.495
800.212
205.023
93.625
64.602
140.951
164.089
452.021
83.149
65.726
139.866
254.731
332.176
445.113
209.836
141.934
126.306
63.216
143.868
137.086
213.691
124.455
231.84
119.696
166.715
162.918
758.08
68.11
898.981
135.92
145.851
467.394
128.557
109.184
65.263
255.615
137.607
520.945
227.345
117.716
106.786
175.436
87.609
157.113
93.346
89.803
133.927
226.037
999.505
649.827
418.241
173.548
709.06
123.598
100.171
142.185
82.105
390.879
97.831
349.933
84.814
127.685
581.165
135.063
508.562
194.115
129.505
112.011
99.251
123.891
130.897
193.645
75.632
123.825
535.026
96.384
260.171
133.62
167.866
256.719
84.97
104.855
104.789
62.75
86.169
104.281
109.869
125.661
231.727
185.235
95.533
54.124
809.776
177.989
212.742
301.261
156.347
279.918
306.628
66.75
65.443
112.612
151.481
947.958
95.307
407.125
89.147
116.888
815.667
195.727
840.744
260.493
97.753
161.306
312.44
180.548
121.241
338.949
140.506
64.004
154.833
829.878
188.616
131.766
575.662
101.93
129.47
245.09
120.046
132.428
147.616
75.111
134.869
105.443
220.357
63.971
81.188
78.035
230.253
83.399
220.234
506.681
361.405
102.191
152.215
938.371
119.029
66.031
111.826
413.627
165.403
134.172
113.521
133.367
206.514
121.756
901.732
919.008
180.349
130.942
166.114
95.384
369.062
213.126
111.623
63.935
231.945
249.906
201.79
67.308
208.4
183.904
179.052
165.005
215.557
104.367
87.936
64.036
205.071
222.775
79.771
105.363
133.305
64.938
124.604
161.471
66.219
113.832
115.179
920.779
282.367
171.169
143.857
262.488
686.08
66.408
151.928
264.857
66.532
134.544
367.596
185.996
125.463
156.639
63.916
123.135
213.616
171.907
109.511
133.509
136.372
99.888
123.872
137.73
64.925
85.877
210.285
484.625
97.795
97.934
96.464
831.45
141.89
71.012
125.018
64.33
434.089
108.918
114.76
136.077
861.832
147.858
194.048
841.219
195.225
195.659
168.207
223.411
421.942
107.879
110.835
567.957
66.569
382.283
179.498
164.637
130.897
95.398
85.064
192.907
241.188
320.016
129.882
63.503
164.262
187.545
83.644
121.395
130.281
131.448
146.156
150.627
130.998
243.311
131.722
99.159
95.102
342.171
182.174
233.947
178.037
630.682
95.181
99.528
932.624
133.553
241.113
93.092
65.412
622.195
947.98
157.624
241.633
116.667
69.03
367.845
180.683
93.583
85.547
785.823
109.858
89.464
216.903
594.841
82.401
162.296
178.758
323.408
144.431
102.302
164.545
87.24
192.639
360.058
108.543
125.885
211.292
159.233
202.424
534.955
175.842
156.777
64.148
108.107
154.703
557.807
172.675
632.821
163.035
125.021
91.192
131.787
353.295
127.771
166.862
191.049
153.856
169.028
138.553
153.096
139.448
310.083
167.198
129.568
121.589
159.767
136.575
210.109
185.763
89.725
258.696
104.015
936.442
123.264
352.054
198.812
216.921
135.733
66.181
68.827
68.912
650.27
168.115
116.684
95.483
95.314
64.884
972.199
201.567
120.145
101.646
116.398
175.134
122.791
117.326
86.911
141.392
142.916
202.936
89.414
791.748
173.008
83.602
135.794
98.747
151.044
138.765
76.367
167.22
64.428
154.129
89.26
63.491
187.872
357.853
108.267
150.875
123.977
763.076
160.792
65.14
137.452
927.332
121.644
173.559
257.706
177.944
66.259
184.895
207.427
65.136
92.89
174.676
544.812
303.821
121.854
89.961
131.235
304.426
847.329
67.301
217.15
99.728
152.673
64.968
143.839
109.232
137.437
102.522
104.237
103.015
215.867
206.059
90.855
163.494
64.105
99.099
62.425
214.904
122.548
88.242
90.369
175.378
625.58
65.508
79.483
801.379
86.741
204.823
115.237
87.511
63.076
80.736
95.799
63.616
128.713
65.115
149.926
230.286
63.739
103.344
89.46
86.67
89.991
130.641
176.756
106.635
157.792
160.992
180.656
791.86
124.754
153.565
134.267
140.945
138.454
84.321
136.284
116.2
162.521
97.585
120.641
462.17
86.231
41.876
194.55
124.727
369.476
154.952
91.897
64.729
310.215
78.982
270.022
62.931
468.307
66.562
133.2
124.521
872.697
136.895
196.39
63.092
94.244
97.711
204.498
66.122
124.251
226.249
80.317
118.092
216.375
155.004
128.781
164.738
76.334
106.845
156.444
183.757
93.42
108.406
162.097
63.328
564.38
217.916
201.958
144.279
113.032
124.243
64.781
303.416
122.667
64.131
188.605
63.586
93.362
120.142
64.086
286.938
161.622
186.184
68.09
150.677
429.988
269.756
63.147
94.086
165.414
388.156
336.645
107.936
62.862
115.169
116.909
144.558
92.374
483.496
91.493
161.782
215.209
63.65
133.107
92.24
89.018
184.091
348.843
184.375
173.008
94.637
132.667
247.975
568.542
120.978
172.934
460.402
547.125
236.57
180.221
123.692
111.995
126.062
413.023
172.737
285.477
64.224
176.206
110.463
404.3
71.36
123.516
76.187
113.879
131.576
117.489
111.684
65.484
769.294
528.991
66.117
183.725
93.322
154.609
62.838
99.845
96.29
105.375
995.497
83.182
102.777
82.808
292.464
234.405
113.004
82.232
121.796
68.355
135.448
103.287
90.168
3.978
188.574
64.407
260.164
64.858
63.058
86.91
174.737
163.82
125.189
102.713
62.85
64.364
233.92
257.804
122.465
178.4
142.559
126.513
95.349
172.433
497.422
119.332
156.485
124.216
151.372
662.947
166.258
183.05
217.861
171.271
63.816
98.694
74.352
113.155
64.424
130.473
64.686
371.272
629.444
196.632
370.759
160.586
97.368
104.671
152.971
476.234
65.994
136.496
89.401
134.315
115.198
126.524
116.052
64.56
189.27
302.456
117.32
779.172
535.592
112.087
372.63
122.2
65.062
91.514
185.306
236.414
84.711
71.097
220.961
212.072
180.888
144.12
64.774
140.946
872.46
130.388
69.339
175.036
131.416
62.915
217.605
238.164
123.488
120.496
66.883
135.972
199.149
147.946
188.634
66.612
374.073
69.372
84.703
99.676
155.226
232.335
90.056
129.888
87.658
132.851
63.994
139.101
86.145
116.597
158.669
85.588
284.094
63.169
178.873
131.432
149.051
148.023
999.966
90.854
83.295
339.945
156.682
269.083
63.473
129.263
154.58
146.693
82.693
63.472
13.019
68.203
125.288
121.073
63.757
139.562
140.11
133.787
99.238
134.684
164.861
173.802
64.372
86.153
99.212
144.68
178.679
155.288
216.31
87.502
753.186
103.763
142.138
102.375
165.966
924.971
93.168
141.591
130.944
113.787
64.928
65.032
63.667
109.587
63.821
63.715
227.526
94.778
261.51
64.599
123.662
118.797
299.426
138.022
297.993
123.495
93.936
65.217
158.125
181.35
103.487
158.01
252.69
64.943
198.255
64.473
117.5
309.24
371.728
502.021
127.153
64.272
148.43
68.025
87.182
137.259
70.273
178.456
102.723
186.745
98.4
94.792
63.523
123.867
111.589
128.999
119.07
96.094
64.975
149.666
216.936
373.206
63.622
85.986
104.471
137.897
96.693
133.119
133.372
128.315
192.309
84.019
160.759
126.211
62.983
88.972
347.452
89.973
190.428
84.948
64.702
64.21
108.708
835.9
299.95
64.134
875.132
64.084
63.226
326.005
133.7
63.59
157.269
134.861
91.213
64.033
294.223
737.913
247.15
105.823
776.606
149.836
228.267
64.385
106.05
171.096
87.656
68.765
65.007
113.464
168.001
163.412
64.068
103.355
192.282
142.905
152.559
62.95
116.728
95.44
63.06
357.164
145.977
492.438
123.772
220.901
144.737
126.73
112.298
96.219
189.011
286.802
319.526
89.182
701.606
593.412
188.555
162.118
118.492
164.156
65.323
467.019
91.007
116.195
68.628
93.369
148.562
126.764
215.425
64.877
68.168
144.631
96.542
123.706
70.456
116.99
63.607
153.553
115.735
66.118
234.657
660.586
65.544
136.545
220.312
68.023
63.805
145.666
46.003
82.003
610.993
131.081
62.117
62.087
343.76
136.552
10.098
145.969
64.72
138.033
68.008
105.309
64.163
96.635
644.92
147.025
65.042
65.482
112.002
101.745
64.003
62.907
750.812
823.612
202.007
157.598
198.184
89.074
103.189
311.778
131.012
124.843
161.237
146.837
263.007
238.237
62.817
125.258
62.986
183.945
117.001
62.696
169.581
109.94
193.938
109.477
120.431
63.021
64.38
215.206
63.536
582.638
96.264
129.627
997.002
233.063
101.173
201.561
157.201
175.066
116.531
230.657
414.638
218.931
231.951
82.844
99.855
95.172
86.974
64.213
796.719
406.078
152.823
63.505
86.756
216.461
135.877
175.365
111.144
325.138
98.672
87.518
176.008
145.901
256.85
133.126
124.706
285.538
112.057
64.249
131.39
547.207
406.853
872.077
126.012
137.718
165.041
804.459
63.732
244.949
64.17
140.169
118.045
63.868
252.931
80.792
64.723
107.382
128.421
243.232
141.762
142.241
157.824
97.381
107.502
167.677
231.025
103.613
64.253
97.752
191.404
186.588
196.974
63.001
397.096
300.771
166.722
88.098
62.795
182.625
119.912
136.624
100.148
72.875
970.232
230.294
63.197
70.035
154.388
75.977
140.79
150.513
62.782
121.796
116.614
95.132
64.034
548.701
245.518
62.068
66.606
121.161
603.458
170.196
120.422
77.836
112.646
172.423
148.855
65.387
92.17
389.834
250.15
106.976
64.588
81.24
175.991
121.11
267.175
507.569
89.112
203.63
90.635
129.133
119.967
104.951
120.88
70.142
62.989
169.194
102.807
145.312
128.25
64.207
16.29
655.192
68.875
131.664
453.665
110.033
63.5
134.68
65.336
64.883
144.524
65.728
63.624
65.251
276.499
63.434
116.919
106.149
228.599
200.319
92.888
131.216
94.349
140.463
148.842
120.545
111.269
142.586
150.09
168.422
137.563
66.076
162.308
99.877
96.692
141.97
173.191
158.054
89.495
62.921
124.423
158.976
88.881
135.273
80.896
585.367
737.692
175.706
198.54
63.391
222.17
285.666
64.818
136.117
229.385
498.629
186.11
760.538
104.737
174.749
119.763
366.773
89.697
89.898
63.247
81.367
469.558
64.958
201.851
167.347
91.642
65.269
71.261
114.477
116.48
202.327
104.755
62.662
124.13
611.23
106.284
185.075
142.972
64.088
166.628
435.344
173.651
117.973
354.21
65.778
63.333
638.205
239.337
68.675
210.033
151.54
62.708
247.404
756.47
895.76
65.385
200.853
150.57
64.473
323.324
63.38
165.92
626.601
99.111
146.712
133.37
645.722
116.78
207.233
90.335
64.836
375.008
100.727
215.323
567.612
121.897
337.221
234.384
566.878
224.035
280.202
63.796
184.594
121.837
240.204
123.65
94.745
88.705
895.428
125.661
155.829
125.475
63.394
118.457
455.351
117.826
91.885
206.039
113.38
111.343
128.995
98.76
166.345
190.483
63.718
0.616
101.539
65.868
181.321
194.089
104.365
146.609
180.43
129.913
362.302
84.881
184.967
182.116
153.017
175.958
224.907
125.412
152.527
156.292
107.063
98.162
120.225
116.074
147.679
563.312
85.165
128.665
63.464
220.027
358.004
124.3
65.602
101.1
195.359
63.909
36.799
141.755
411.636
93.567
186.35
346.526
106.326
182.102
110.947
163.832
108.552
76.614
131.642
245.924
93.733
186.793
114.147
331.134
90.086
148.387
162.657
320.046
63.53
206.451
210.741
119.138
90.645
109.127
215.647
191.92
88.712
93.899
106.571
570.019
132.082
130.882
934.706
92.975
244.623
64.671
137.141
952.457
171.213
88.441
121.505
64.958
126.279
106.908
168.062
80.026
137.864
247.47
64.73
160.221
230.341
141.024
220.397
181.334
70.23
79.974
87.334
91.727
66.49
213.123
579.109
125.861
338.225
102.295
63.202
63.278
91.261
63.523
95.062
936.738
389.186
131.79
228.845
83.536
225.775
136.788
64.82
932.353
153.769
239.731
68.282
100.815
62.849
277.39
131.257
65.5
138.399
111.18
267.333
101.334
195.681
147.559
124.565
946.788
148.145
102.188
100.301
124.917
64.018
319.549
65.404
63.512
198.394
332.081
118.365
154.121
35.541
64.867
99.302
126.453
86.09
231.574
123.268
114.487
496.723
150.633
676.069
91.582
97.498
141.105
68.37
71.772
145.964
300.942
145.873
241.004
69.06
69.539
633.851
684.482
537.1
413.264
576.548
288.927
209.334
82.047
175.201
63.045
85.148
114.051
126.212
249.475
187.703
271.252
414.076
105.223
102.622
102.517
69.453
994.741
64.576
64.18
95.946
65.215
95.088
64.594
66.105
147.192
257.379
68.2
68.211
116.925
123.743
328.667
65.453
136.095
104.801
89.08
67.503
782.932
106.328
70.867
64.277
322.352
165.929
103.09
230.076
189.382
191.545
130.379
64.022
88.67
174.574
869.664
143.126
237.201
268.783
272.402
137.614
249.935
78.422
98.165
87.286
86.943
117.872
345.936
128.155
128.976
115.007
84.094
429.585
118.865
172.159
234.516
119.827
76.024
140.446
451.56
82.053
161.481
146.038
85.334
63.7
107.575
86.142
89.625
926.315
63.511
122.061
85.0
161.987
65.949
63.271
276.937
210.077
61.906
118.283
104.051
113.542
121.892
138.166
82.485
148.448
63.653
136.025
335.917
116.732
97.347
146.953
94.115
93.43
264.965
64.217
132.885
104.424
85.332
150.142
271.343
95.094
116.826
65.361
112.226
746.701
173.513
134.894
167.425
146.568
104.679
269.639
83.245
135.282
64.201
152.847
107.515
160.687
138.373
83.516
114.514
189.566
85.525
81.45
144.353
115.373
217.442
65.593
254.577
84.304
117.369
63.875
90.984
103.624
368.247
120.415
967.756
133.505
239.101
119.737
125.127
86.794
84.532
101.817
127.834
323.81
121.469
113.868
108.004
63.176
167.13
135.009
75.776
110.399
65.452
110.249
65.093
86.53
87.752
137.811
147.046
149.953
65.133
129.146
66.059
89.875
149.028
137.503
84.409
214.324
76.332
120.478
63.216
64.049
155.542
163.994
527.521
64.132
193.751
125.467
105.04
88.355
671.212
761.613
110.935
840.744
195.514
805.715
906.716
69.24
97.842
140.531
106.197
118.485
127.698
46.775
89.604
188.025
128.525
67.136
65.128
138.52
65.26
94.288
114.251
87.91
63.888
162.832
142.511
664.044
128.033
64.684
388.81
96.277
930.984
163.608
82.128
94.367
204.404
144.346
182.481
212.684
90.184
129.673
217.592
88.605
150.362
117.409
151.931
124.269
148.69
112.336
388.703
108.704
122.068
115.706
102.098
411.727
308.88
77.305
109.97
64.052
64.243
494.213
79.934
183.625
239.749
152.758
95.195
99.8
168.674
118.955
144.333
162.067
188.796
65.517
63.365
267.509
82.5
158.163
174.094
86.402
171.449
118.602
741.398
126.205
98.841
63.462
116.783
141.986
70.719
879.096
131.918
367.968
172.932
101.314
92.176
121.187
117.81
745.909
114.468
111.223
95.336
67.166
68.103
86.47
213.756
92.223
69.127
120.167
88.886
135.709
173.535
63.545
86.323
97.451
106.575
131.102
129.289
94.267
64.933
63.464
100.636
89.575
81.549
62.067
163.793
68.855
119.471
158.8
86.026
129.195
67.389
181.827
63.915
151.444
117.856
63.404
88.763
199.514
190.729
110.285
122.125
120.915
86.049
64.892
126.57
87.882
63.922
165.966
168.344
115.118
89.86
196.1
80.14
438.384
64.915
174.0
107.819
84.827
95.615
95.275
71.381
286.301
247.97
116.869
141.838
198.987
66.095
63.443
86.968
638.319
91.776
320.788
84.842
117.402
133.487
63.669
92.421
65.593
68.116
310.616
166.824
102.58
121.247
63.367
64.067
331.201
457.16
143.709
62.502
101.597
185.126
137.714
64.861
122.884
124.08
108.268
117.628
163.835
167.383
173.04
92.634
285.675
63.176
88.564
132.099
503.586
146.404
118.723
63.325
170.638
68.957
83.203
150.265
233.755
62.824
5.4
260.911
63.541
82.245
63.247
119.647
96.041
114.766
156.155
140.875
163.315
110.022
125.22
116.156
131.3
324.075
91.69
65.014
100.627
105.562
119.452
83.016
63.079
103.797
368.952
93.565
173.164
64.289
101.505
130.366
93.328
231.43
108.349
65.66
66.501
225.916
162.325
126.408
230.393
68.391
104.281
106.366
174.058
70.539
149.157
99.583
98.372
117.634
64.385
109.155
127.541
875.375
74.264
280.379
138.044
165.271
198.837
103.827
120.368
63.29
92.393
118.731
141.794
133.239
63.948
388.174
156.151
118.745
301.712
915.55
120.423
63.904
103.641
507.358
277.714
108.953
136.678
256.947
63.419
958.726
97.174
65.976
95.063
86.653
100.768
96.229
64.086
88.363
117.398
64.285
529.734
95.121
202.656
386.479
113.334
65.157
120.601
511.978
132.328
128.094
180.206
64.121
413.401
110.795
124.819
64.177
101.355
288.362
147.992
429.551
704.722
196.259
63.493
103.367
117.099
63.635
70.371
584.592
94.309
89.607
83.879
97.587
65.438
121.247
123.503
68.312
167.974
180.786
103.134
63.89
151.187
554.112
354.621
93.76
123.3
117.17
62.505
553.092
86.865
176.799
102.417
102.407
90.794
352.757
182.781
160.404
156.653
178.197
156.973
412.474
144.775
173.852
135.284
63.41
107.068
744.832
97.729
198.14
405.253
127.917
132.066
64.427
146.093
111.602
113.974
62.673
63.178
213.596
156.529
352.127
100.381
120.209
173.649
109.768
141.0
368.76
64.863
115.133
64.288
268.566
307.942
141.549
142.085
62.807
212.819
116.763
240.998
136.084
96.626
123.899
178.064
326.717
110.53
209.866
62.934
128.388
223.406
927.567
64.182
193.138
134.609
177.33
95.914
115.212
85.759
62.8
128.609
69.697
958.142
65.347
138.187
83.01
108.029
94.24
146.325
64.772
98.119
97.541
67.848
175.891
124.66
107.265
183.699
70.42
267.963
72.779
126.192
99.027
80.533
172.099
122.551
395.827
213.57
98.896
88.779
64.196
137.09
200.238
42.99
184.756
587.786
63.905
79.055
130.053
65.611
89.004
136.964
208.485
81.195
159.894
150.032
69.536
144.44
63.737
62.937
88.674
452.302
178.602
160.614
228.971
91.844
209.248
131.475
164.891
448.315
280.393
63.451
200.135
130.46
121.782
124.973
137.695
115.389
372.034
191.774
206.843
113.086
309.891
191.423
64.142
63.175
63.094
63.602
127.194
63.629
63.68
188.418
186.937
271.503
114.421
63.783
62.769
156.49
69.429
103.079
201.115
120.798
120.15
270.531
184.192
223.936
136.115
89.368
204.118
46.968
180.264
99.117
62.511
159.247
607.337
94.641
178.167
63.031
180.395
108.583
139.662
80.192
539.17
124.319
128.005
119.093
117.91
77.454
101.576
147.837
218.385
129.243
124.225
64.58
195.493
190.312
63.988
95.724
128.947
490.882
99.483
176.253
134.42
102.656
66.163
106.276
80.355
63.717
87.795
114.986
63.313
102.316
63.964
111.465
833.581
165.301
153.207
193.288
121.395
90.292
65.989
160.661
64.612
295.905
67.189
63.244
225.436
91.072
154.704
170.489
124.51
273.129
79.486
173.31
174.856
140.15
123.219
385.046
102.872
150.26
95.596
79.388
99.331
99.742
135.38
120.73
130.111
117.849
65.146
354.46
119.004
64.343
117.799
74.97
63.265
113.384
153.229
467.339
121.593
274.7
84.474
94.373
126.98
89.173
145.574
527.118
167.94
124.121
95.692
237.67
146.187
63.557
164.983
162.137
116.394
368.127
156.65
147.431
146.103
63.247
194.197
91.763
138.659
225.168
64.391
320.321
106.719
374.367
141.819
127.244
119.76
65.024
121.559
220.027
138.684
122.612
84.816
215.491
64.082
120.239
449.292
410.465
64.949
145.681
272.894
178.709
113.107
442.498
332.665
231.591
115.436
65.04
133.316
249.131
159.919
64.324
279.886
438.209
198.192
193.53
365.121
548.983
472.161
313.203
189.479
811.65
104.877
88.205
233.534
410.604
119.527
84.894
64.331
203.284
108.905
66.023
91.392
150.028
186.503
91.386
93.908
274.646
76.619
143.33
95.012
96.707
63.247
87.398
149.551
205.898
95.641
110.258
63.731
233.808
63.215
93.142
131.511
87.032
143.354
519.369
161.285
64.008
323.152
248.461
70.384
106.898
64.696
63.135
134.24
130.187
131.319
102.663
65.264
187.779
99.102
250.696
167.232
72.601
245.557
317.959
110.531
277.698
63.73
99.381
86.182
102.353
574.05
292.849
66.953
134.344
121.724
104.831
139.022
581.24
82.922
473.642
90.105
557.732
94.223
120.833
151.552
63.611
77.708
266.67
117.14
191.776
158.09
64.501
81.932
937.443
128.922
92.142
102.065
106.183
63.178
163.264
91.338
93.914
225.477
267.584
179.104
64.269
108.496
929.337
99.457
74.681
134.266
85.864
91.921
459.734
125.993
90.566
116.893
92.211
90.209
64.832
119.174
150.574
682.571
144.129
129.374
63.357
151.961
689.401
163.595
64.648
86.429
163.399
596.649
96.6
89.287
379.552
98.133
138.685
198.298
159.497
164.829
81.572
175.164
347.431
89.302
103.434
201.446
131.206
222.702
65.852
115.47
93.666
342.139
145.16
62.407
84.168
159.283
191.402
66.419
78.003
104.212
138.316
134.126
170.355
210.457
164.384
152.82
64.329
221.726
110.1
110.844
163.71
63.508
131.015
106.077
119.035
129.15
64.046
101.518
232.18
365.16
144.797
91.125
221.399
92.308
175.442
106.315
101.308
419.913
79.336
84.937
110.848
181.446
115.595
64.363
63.175
65.222
129.4
77.717
82.564
91.409
65.587
215.617
229.337
75.377
127.404
125.244
257.799
65.857
97.816
117.307
123.705
129.679
81.989
87.018
85.885
65.424
65.035
182.779
69.741
608.323
229.219
69.178
64.29
147.031
159.831
87.185
75.15
63.952
277.239
63.542
84.798
145.438
170.767
273.429
214.314
65.114
249.332
107.927
124.626
146.104
89.94
79.664
109.624
176.922
81.034
155.77
89.038
111.623
109.639
291.563
96.081
60.812
80.426
151.692
176.058
91.663
168.899
118.134
63.466
63.185
277.272
145.82
86.608
140.236
199.655
138.63
112.917
138.387
125.482
128.126
179.049
129.71
164.402
93.11
63.187
452.836
92.505
102.85
165.525
67.502
64.254
609.103
89.789
87.689
63.952
240.11
550.137
91.372
124.303
62.185
92.522
95.45
163.553
140.108
318.026
93.515
139.349
126.763
152.928
145.479
88.407
115.856
149.367
243.624
197.246
88.844
92.722
75.97
98.713
227.488
115.493
168.488
83.095
153.949
279.278
63.398
66.0
203.795
64.917
116.799
166.013
110.863
169.801
173.001
121.004
144.833
116.668
65.345
130.725
137.242
69.033
99.443
69.035
93.815
70.944
143.891
724.021
376.406
99.031
148.159
64.698
96.571
65.58
101.797
112.392
70.223
117.931
200.641
113.162
63.693
71.496
604.986
65.533
94.021
192.832
119.016
363.62
116.158
63.221
65.249
300.042
108.638
903.902
107.348
136.624
338.787
88.772
68.077
99.689
757.415
110.258
213.442
100.098
70.268
128.256
87.439
109.023
150.423
78.805
160.363
284.665
175.063
163.21
106.268
85.354
64.83
111.61
353.323
95.618
108.74
101.134
124.322
163.537
162.294
109.688
163.183
206.715
241.368
135.494
62.994
65.064
65.208
87.312
66.809
307.869
168.652
65.033
160.554
136.543
250.344
120.366
375.191
78.243
93.79
63.651
114.901
150.737
132.698
93.059
129.309
187.513
791.628
114.424
96.678
68.881
62.74
81.916
478.468
127.206
79.05
86.811
112.927
64.069
173.388
106.132
64.39
68.56
68.849
111.516
96.554
171.576
92.637
503.692
75.658
144.296
65.593
90.033
135.771
62.891
143.313
122.139
85.695
155.813
374.563
68.81
106.407
569.146
167.31
172.633
96.21
123.775
92.299
89.773
159.883
63.605
63.279
185.131
317.904
116.952
111.394
116.36
63.842
635.082
910.088
111.839
166.424
194.113
91.082
86.775
120.817
68.428
225.795
125.371
168.214
80.839
89.665
260.515
101.857
297.002
192.333
64.85
82.976
211.497
118.163
95.127
103.242
64.921
113.151
185.753
64.446
63.405
144.498
87.4
63.677
143.962
84.55
105.212
112.716
122.496
65.071
689.012
157.567
64.263
99.6
81.707
378.336
89.341
63.792
188.461
135.224
173.719
173.994
146.956
76.492
91.522
63.801
65.529
88.417
169.996
137.017
98.498
119.902
86.23
64.812
67.875
161.156
93.506
96.973
119.721
118.096
67.885
93.536
222.488
86.356
291.669
95.103
90.062
112.061
83.878
106.486
93.028
117.482
108.917
120.722
65.058
82.559
118.227
280.102
113.997
93.077
170.167
266.627
183.372
139.617
64.239
104.002
85.403
105.713
62.905
84.332
87.211
241.322
63.647
70.76
181.345
137.994
107.203
64.426
124.133
114.249
202.602
166.072
304.909
87.996
63.117
134.439
255.603
63.055
267.371
95.825
142.098
65.665
63.082
196.889
139.22
62.285
77.341
156.823
133.205
91.951
417.94
116.341
113.901
183.873
165.622
409.984
751.937
135.556
119.543
149.505
494.853
234.03
64.43
89.471
258.796
119.176
79.377
65.05
152.023
153.281
64.609
96.098
120.027
63.352
87.956
118.076
95.435
551.517
65.008
197.501
90.991
63.606
246.523
116.009
138.122
123.052
598.751
115.846
102.485
80.944
64.514
123.572
110.771
200.742
84.214
77.752
395.612
120.793
174.976
114.978
108.784
86.283
104.025
116.966
779.636
249.914
112.794
317.937
112.086
128.821
339.494
138.839
120.643
535.764
64.056
473.038
95.568
204.483
109.177
97.51
123.468
185.569
63.922
569.914
221.518
222.71
172.43
64.742
121.261
64.105
122.274
137.143
128.047
109.385
151.793
144.57
104.343
81.682
268.889
102.417
204.364
424.542
64.862
86.143
922.231
65.768
105.777
104.467
63.663
103.078
64.988
81.991
64.691
124.988
149.371
79.688
63.487
88.132
462.018
68.371
179.18
248.86
96.941
63.394
120.726
99.22
177.89
147.643
106.023
64.017
121.126
71.526
94.204
104.782
231.578
197.337
225.33
369.657
65.485
65.395
281.777
637.841
193.495
65.103
84.226
218.742
119.577
64.356
63.068
80.892
127.944
221.828
71.215
90.24
179.584
793.008
98.428
88.629
63.883
65.062
101.538
63.807
91.135
138.751
135.376
85.497
72.632
102.045
102.23
302.017
112.14
429.436
64.78
134.806
132.494
175.218
184.317
169.244
119.247
244.488
82.911
84.3
63.317
76.921
89.762
157.174
112.067
10.526
91.289
63.051
65.469
117.811
114.173
64.12
63.895
358.667
92.043
63.583
261.221
248.016
89.56
317.445
82.478
89.377
84.023
64.805
96.152
154.89
129.798
484.607
471.359
133.003
63.551
110.764
107.52
101.708
63.299
765.553
155.293
137.644
112.617
62.855
95.4
64.887
829.727
84.727
136.342
907.017
66.11
62.312
142.122
126.869
659.754
138.649
124.903
152.48
63.724
185.267
90.976
250.112
116.175
137.907
63.755
123.697
126.645
68.891
86.499
65.205
110.523
128.079
87.999
92.692
64.083
117.905
442.241
82.437
147.728
82.729
85.721
126.342
82.749
89.112
129.653
95.742
133.883
65.633
79.352
182.267
96.231
65.172
90.695
94.154
380.198
64.225
134.439
63.568
148.122
114.14
175.222
68.705
63.718
183.487
122.366
96.914
84.22
63.527
162.418
123.881
89.076
62.878
317.548
118.725
732.843
140.069
158.114
75.846
113.707
78.415
472.993
936.234
152.597
79.724
89.822
63.717
89.456
127.902
103.698
87.073
356.328
63.742
95.496
125.978
64.905
101.812
153.555
96.153
163.663
207.172
64.965
146.571
161.992
94.879
65.281
75.525
65.352
102.959
257.423
120.571
115.598
128.054
116.084
92.872
177.156
125.322
91.442
100.858
103.577
89.828
124.904
134.451
105.314
181.275
94.56
96.775
113.897
115.816
78.91
85.535
113.539
104.679
63.965
65.263
84.006
88.496
984.053
211.131
117.434
89.413
159.375
137.59
134.678
144.24
64.156
451.925
132.455
63.291
127.863
95.618
200.925
127.117
89.798
91.752
179.111
110.71
66.965
105.85
162.894
102.615
125.024
87.924
138.426
209.662
158.111
614.617
191.923
66.457
63.466
68.768
102.601
65.546
208.382
100.475
97.8
364.176
136.909
64.726
102.39
243.952
64.731
88.752
231.454
163.462
141.951
115.831
225.196
65.575
189.346
68.425
156.075
115.829
202.155
123.766
86.088
153.562
125.712
168.644
162.629
200.46
163.309
63.809
173.941
163.82
64.853
284.35
285.686
64.044
103.911
472.776
86.503
96.358
134.378
64.893
69.93
131.908
121.528
121.556
65.215
113.479
93.165
63.939
159.636
177.577
65.046
182.304
123.498
392.804
818.453
198.256
92.186
98.354
146.333
407.326
769.964
149.172
87.147
65.718
116.996
239.885
880.101
75.454
95.243
66.359
160.827
65.373
88.682
238.886
134.769
66.705
93.64
161.951
137.702
198.705
64.157
92.873
87.428
165.811
108.855
135.472
97.407
123.89
63.682
89.766
108.737
236.714
277.756
252.841
180.383
149.036
105.407
120.619
166.18
152.375
390.722
208.878
98.403
275.219
360.264
690.288
440.782
376.694
354.399
291.004
185.973
373.436
64.959
63.322
384.591
70.981
636.011
246.011
557.241
490.252
63.57
365.705
653.551
315.247
299.887
171.107
95.515
689.386
476.397
357.319
543.634
569.998
275.276
333.883
136.24
672.825
437.836
211.153
833.878
165.131
65.448
700.701
265.723
624.996
66.41
337.09
154.856
344.249
247.241
446.01
368.563
247.566
742.861
703.568
499.99
339.132
262.508
255.505
146.578
222.539
293.408
115.051
135.933
200.58
117.145
149.783
19.898
293.904
293.94
440.063
368.87
196.768
124.695
123.362
761.538
197.945
149.297
91.551
65.925
126.002
62.615
63.992
107.543
98.127
93.8
67.681
184.214
135.656
100.352
98.803
124.331
65.327
63.736
118.362
63.501
175.719
144.751
94.257
64.173
65.42
570.458
195.078
243.332
170.93
139.85
136.693
232.676
158.134
233.042
237.445
152.811
117.291
219.66
130.056
165.569
124.28
77.935
77.215
205.687
233.602
249.885
115.953
100.679
117.662
99.612
225.653
139.533
120.027
133.152
64.887
835.868
63.563
63.514
75.987
147.726
167.787
362.646
636.942
104.719
92.963
114.237
63.975
91.275
69.157
89.128
63.812
85.855
338.097
63.1
94.73
663.299
113.076
280.804
63.941
119.887
107.578
206.622
66.642
68.278
638.079
172.654
127.942
195.856
62.923
143.436
148.179
167.188
70.769
114.335
180.711
134.816
219.9
167.777
64.8
129.093
81.638
109.111
75.002
102.648
84.111
188.792
424.609
754.119
67.712
63.567
89.9
200.027
63.522
95.915
64.289
184.944
68.406
63.786
175.178
89.286
127.712
135.487
112.246
650.684
96.267
64.696
447.793
65.648
68.095
423.799
196.985
66.805
85.888
78.195
106.451
64.614
106.477
99.016
63.889
64.24
63.391
63.873
152.717
820.897
65.932
64.4
62.818
63.933
63.567
173.09
66.186
143.514
64.855
171.28
130.172
186.54
119.965
145.992
304.907
102.99
64.301
172.048
65.347
64.897
238.41
65.329
64.538
92.192
100.559
731.443
87.891
155.399
63.773
131.645
80.067
113.662
65.583
110.796
87.798
186.371
111.849
118.801
93.628
92.304
212.202
125.472
113.747
64.427
64.039
62.801
107.04
358.05
67.986
64.57
212.807
69.239
63.994
147.028
124.029
384.271
312.604
101.064
385.228
68.538
126.664
83.438
124.887
133.73
110.507
66.625
531.91
158.256
64.259
215.415
127.881
146.86
121.802
107.404
160.318
126.535
83.128
105.366
131.55
127.48
189.077
88.563
188.281
581.917
203.4
233.05
65.335
64.94
366.635
216.27
86.899
92.257
98.729
183.302
63.959
216.207
219.369
62.592
113.661
154.837
168.272
253.231
100.233
64.634
160.157
668.932
250.392
90.71
258.848
294.242
120.391
155.817
72.579
248.566
258.241
110.744
134.37
113.659
146.394
66.079
63.931
147.882
114.125
71.846
127.705
167.117
129.84
100.827
91.101
195.174
96.992
135.432
218.278
175.408
147.764
140.746
179.65
134.458
263.2
94.473
155.578
209.791
792.145
100.447
100.083
96.714
96.16
175.792
116.64
65.156
187.396
97.522
917.3
187.562
99.902
120.976
965.167
115.151
108.124
149.414
89.035
89.108
167.951
147.902
137.811
63.77
103.118
88.628
152.239
104.858
135.282
432.359
97.347
118.848
969.112
310.79
178.76
107.975
880.822
64.502
198.184
121.684
65.14
101.583
91.621
106.155
92.295
65.343
291.473
139.254
114.943
107.121
68.451
64.9
104.45
163.097
776.548
77.248
67.51
93.515
220.272
494.927
120.068
99.525
65.387
64.568
127.877
445.608
116.696
195.156
123.954
407.757
61.683
137.652
90.153
141.418
64.379
199.449
89.035
64.743
92.61
116.233
84.705
92.637
101.978
117.951
221.457
109.163
106.312
271.698
91.611
95.283
272.089
113.982
70.514
132.345
105.847
125.481
65.105
147.382
104.631
107.418
69.401
110.84
67.192
212.452
142.559
89.324
93.682
114.248
94.485
86.578
66.184
108.026
167.839
203.836
148.136
89.644
66.946
130.881
97.873
121.435
133.061
567.247
154.007
90.923
622.686
109.815
64.132
145.596
543.863
125.352
206.508
63.543
91.093
93.37
142.395
121.25
124.907
122.408
64.265
118.185
139.986
63.213
171.629
233.489
234.367
162.118
98.546
158.547
269.366
126.932
177.995
66.615
82.984
91.699
64.049
67.621
207.139
117.371
63.426
332.718
80.082
64.684
510.692
124.018
152.162
65.498
90.647
129.054
111.739
111.186
113.134
78.827
145.604
284.384
63.632
182.92
145.165
155.106
230.941
91.424
125.486
105.565
63.444
88.817
118.352
98.11
197.395
265.302
134.131
611.307
94.064
100.206
63.266
295.431
62.959
135.36
64.463
211.667
81.687
180.706
109.072
136.562
123.07
86.598
63.506
91.873
63.337
320.429
70.832
71.25
117.827
186.859
62.224
84.706
65.858
164.86
64.875
83.025
111.619
63.221
118.642
114.572
64.272
126.683
92.002
62.958
86.037
174.413
114.333
90.367
90.448
106.487
301.679
272.757
114.399
316.645
95.003
63.711
192.442
65.536
86.001
146.41
102.686
165.685
92.437
107.73
64.934
264.393
113.427
112.142
85.2
208.197
178.887
109.555
98.714
452.152
88.763
218.15
229.99
140.326
64.822
63.469
546.687
129.918
101.626
215.167
795.518
97.092
178.725
173.634
62.831
695.359
93.419
63.229
243.884
85.258
116.214
148.238
81.166
432.095
96.39
65.693
140.818
123.609
106.269
88.036
65.502
92.225
65.133
263.89
138.768
64.53
138.857
138.635
87.927
138.401
68.388
675.101
120.201
66.841
82.418
146.593
161.317
125.331
184.486
116.03
614.829
127.749
177.899
86.073
84.853
64.09
127.583
122.053
87.663
85.928
116.739
122.173
121.21
63.848
126.718
495.805
180.509
208.963
87.9
162.76
121.174
89.112
102.218
5.806
865.927
437.54
64.689
99.364
64.734
172.323
64.353
65.111
82.679
107.009
163.874
64.183
91.608
90.666
87.719
116.128
128.982
64.361
69.601
80.353
178.141
416.809
629.364
63.547
138.34
85.633
103.373
225.285
211.835
132.393
94.124
137.615
185.335
92.183
102.263
70.333
80.016
169.119
135.384
114.667
201.373
118.628
87.487
372.277
73.759
64.416
197.702
83.641
65.701
150.593
95.139
579.655
160.354
88.135
371.495
853.487
373.562
64.376
145.933
64.087
87.419
127.577
102.544
11.979
197.616
66.385
94.959
85.791
90.098
146.949
123.948
108.995
95.286
756.772
258.255
63.796
196.144
94.905
121.412
145.154
104.412
331.612
319.271
104.419
65.837
132.801
341.158
117.728
302.142
123.869
63.859
92.614
64.468
83.983
66.874
87.151
110.368
154.719
211.322
63.059
101.6
63.057
64.531
96.041
107.596
69.458
66.7
100.275
114.416
98.388
228.493
96.528
64.072
65.327
127.625
244.178
580.839
147.166
109.898
84.121
109.844
598.721
76.268
93.492
818.814
101.714
156.397
568.715
196.71
79.444
162.996
81.486
104.212
898.957
101.488
147.0
63.297
63.609
161.955
108.672
190.818
163.3
130.23
124.623
89.548
117.436
132.12
97.661
155.126
153.193
66.054
237.45
200.608
109.571
183.651
150.073
88.954
118.417
96.211
63.012
269.5
125.418
66.835
169.435
135.473
381.217
451.99
246.027
63.367
110.827
101.796
63.941
220.696
379.991
90.94
106.783
142.169
99.821
63.681
90.853
125.613
63.958
130.2
108.087
66.072
181.671
172.184
126.5
122.104
148.664
65.215
167.869
126.491
84.854
88.279
166.914
209.273
111.255
913.473
459.139
63.898
64.793
97.631
88.996
117.013
191.289
121.357
429.988
82.629
114.322
525.116
63.868
84.771
90.305
121.405
65.137
99.256
65.078
74.14
62.819
167.215
398.542
66.814
134.775
66.284
175.7
66.428
71.393
62.666
89.708
101.866
99.86
65.784
69.042
118.201
65.099
153.189
129.918
965.3
105.984
137.242
97.574
74.58
95.396
130.798
198.898
111.552
64.261
65.093
68.266
85.183
119.22
65.806
64.311
166.832
127.383
130.456
152.746
66.01
89.652
87.314
70.028
110.142
85.778
659.496
212.952
63.186
119.338
68.348
234.257
163.965
63.227
130.837
156.645
88.715
214.696
195.155
194.149
66.313
95.395
99.47
63.856
120.037
99.181
303.072
126.094
135.559
163.954
115.543
63.658
254.086
169.336
83.46
116.28
79.238
118.256
737.974
87.869
169.023
150.059
104.099
229.25
185.419
616.884
113.215
83.74
150.6
109.639
170.812
114.778
100.276
152.958
89.506
155.456
117.326
85.66
245.891
508.249
191.464
100.942
117.453
559.425
64.354
118.75
257.922
143.859
144.202
99.758
111.63
277.108
145.002
228.727
113.775
117.404
90.979
842.448
67.681
154.892
63.894
67.097
257.912
63.958
62.924
126.755
89.032
137.25
65.276
63.202
83.777
64.297
65.765
312.733
65.405
86.035
148.511
63.657
120.444
127.501
120.148
110.66
61.894
128.648
91.62
231.768
182.412
112.501
121.73
64.091
84.466
158.19
63.699
210.931
190.484
111.993
160.477
114.407
84.321
85.023
165.182
114.481
164.167
163.074
157.796
105.48
140.152
337.003
66.101
64.817
64.478
116.197
82.066
632.954
91.049
224.252
152.32
157.811
109.438
135.812
709.029
271.831
75.17
97.4
202.087
106.462
131.661
66.256
89.567
111.454
127.692
103.301
93.998
69.437
610.737
119.809
94.325
237.953
114.587
115.379
63.384
90.653
86.996
68.255
200.025
106.292
76.084
137.212
828.131
353.518
273.859
161.704
105.349
92.034
136.077
380.243
87.031
85.208
92.814
204.416
92.142
119.284
103.07
86.526
88.538
133.839
111.26
64.462
86.815
49.433
67.193
165.008
168.412
738.892
739.288
105.486
65.783
64.088
110.028
102.577
68.86
62.858
88.269
87.974
69.28
93.462
89.351
110.166
124.84
207.174
89.53
125.966
64.468
445.548
78.692
259.52
118.221
94.162
106.477
67.575
103.238
66.018
64.336
68.014
202.629
107.901
116.932
158.84
127.08
65.424
147.107
150.308
406.817
101.085
247.002
64.594
586.418
260.736
724.138
109.323
126.437
63.943
63.532
90.48
210.769
187.809
95.572
218.783
139.017
76.474
114.236
103.382
520.049
90.701
84.87
165.65
401.988
261.846
95.75
80.89
87.732
89.937
104.838
105.554
726.013
713.691
142.349
254.032
969.191
65.081
110.487
131.737
154.303
56.54
406.234
104.755
768.181
160.024
73.853
64.209
92.182
690.358
169.489
88.402
93.081
77.635
62.427
64.494
142.39
99.952
204.113
63.159
67.839
101.823
130.317
253.452
64.507
64.208
124.749
86.742
196.543
161.803
102.97
64.596
65.782
136.361
959.763
90.945
114.818
168.704
230.633
208.763
90.942
108.752
102.529
67.185
63.3
91.067
102.535
98.654
574.665
181.907
73.059
127.118
184.909
65.604
87.144
63.139
140.938
164.122
200.505
164.062
174.718
109.881
557.402
127.645
110.908
147.342
128.116
65.94
103.283
85.175
83.901
100.063
185.682
91.494
62.863
65.461
85.402
119.583
157.306
118.149
85.974
109.499
307.821
105.331
62.748
65.104
140.847
108.024
68.236
113.371
215.73
86.925
94.981
951.154
140.908
132.608
405.506
97.872
120.82
107.098
62.987
88.503
647.718
126.646
125.427
67.366
131.789
65.289
91.025
66.228
65.02
592.555
152.357
64.738
123.997
62.929
90.167
136.223
249.201
63.897
195.204
111.838
63.238
69.836
94.405
81.973
93.561
453.645
125.546
158.412
160.64
64.511
86.863
90.077
150.971
178.663
117.56
142.902
113.975
166.51
123.931
206.114
181.803
144.64
175.259
85.415
99.188
60.354
86.366
120.004
137.228
176.534
64.579
96.288
140.605
101.207
126.32
183.553
94.7
959.123
128.455
65.631
64.405
63.939
85.015
121.405
63.306
63.707
113.988
111.318
125.037
65.38
89.15
80.814
841.43
111.421
65.727
65.857
94.513
120.694
134.912
93.283
232.115
336.4
94.893
692.199
128.27
64.552
113.206
65.672
133.408
143.448
91.908
169.63
62.629
156.549
63.872
126.802
149.858
239.33
138.414
131.223
184.154
106.432
176.948
70.93
107.881
64.983
507.453
713.908
971.45
182.51
64.616
136.83
103.157
93.376
105.537
740.073
102.039
65.073
64.004
63.484
97.949
99.659
156.231
129.476
89.356
132.666
196.66
158.351
115.098
78.514
149.813
601.204
143.823
122.543
103.743
122.456
129.184
94.622
95.825
98.264
93.196
92.525
276.553
63.99
264.009
95.76
107.864
177.314
106.072
132.805
63.58
92.459
387.715
306.109
267.059
787.07
120.203
105.35
64.134
135.353
65.649
64.054
102.261
213.032
143.959
87.898
114.657
208.908
94.7
109.107
63.656
124.87
179.199
162.15
103.493
143.859
158.793
65.382
130.876
129.008
174.422
138.333
125.586
303.629
63.723
71.158
95.991
313.072
134.27
123.29
107.199
130.542
151.865
132.163
129.427
637.521
66.235
103.593
105.954
65.905
719.652
210.274
105.118
699.047
371.679
66.844
259.983
72.788
86.13
104.454
94.571
129.598
116.693
131.422
120.443
98.308
152.017
65.242
571.333
187.399
63.659
96.404
91.563
172.336
63.672
117.105
98.94
64.923
129.818
265.539
141.807
88.907
87.681
246.309
601.369
128.69
65.997
62.813
109.905
129.22
101.639
145.517
95.394
64.489
115.669
94.359
18.526
168.963
93.265
181.735
384.349
111.973
68.928
103.058
64.153
108.323
142.404
90.275
90.628
211.044
621.487
125.21
130.498
111.637
88.093
127.338
105.508
125.835
63.295
65.901
85.935
525.014
116.747
112.91
671.89
105.027
129.157
81.732
175.91
83.773
88.251
670.177
99.32
64.69
124.807
185.547
85.109
249.171
141.662
280.912
100.704
148.992
92.556
96.086
218.528
121.724
219.067
64.353
83.0
96.742
95.81
112.831
120.209
212.061
68.782
117.571
231.702
66.897
65.021
89.734
164.461
85.92
67.187
64.052
128.874
170.901
707.032
478.201
108.01
170.934
85.997
159.026
64.536
87.522
65.258
112.371
64.546
87.943
131.167
75.129
83.004
104.454
66.298
158.475
81.871
90.844
167.468
67.987
183.76
163.892
997.341
810.896
63.781
88.513
157.279
64.307
84.354
181.523
138.898
213.833
65.714
167.409
78.951
66.375
65.35
162.61
76.178
65.007
475.862
66.671
136.268
83.748
173.724
92.386
97.665
101.404
91.958
65.581
217.207
123.754
347.736
75.117
65.484
64.179
84.664
119.483
625.491
104.157
152.41
125.702
90.123
316.483
153.64
63.187
128.035
380.993
85.39
84.465
66.172
177.0
101.495
92.9
119.261
164.573
89.221
121.848
91.607
94.541
107.935
294.566
64.001
65.44
88.013
96.162
202.458
95.576
138.456
320.804
69.272
64.153
98.333
64.209
111.917
117.69
327.889
128.549
757.758
377.214
186.276
64.337
105.999
105.38
195.457
122.504
63.382
65.592
95.879
102.06
93.043
89.508
229.277
65.031
67.949
63.624
66.136
68.145
186.233
84.323
149.668
65.84
129.907
159.763
116.174
206.273
176.345
67.254
147.086
63.764
69.142
64.348
139.712
448.695
96.279
77.652
168.36
67.615
127.334
131.573
64.08
123.624
218.793
77.514
115.942
211.247
820.231
164.289
132.719
65.012
64.766
800.085
100.922
175.355
64.742
107.668
90.337
106.87
162.499
118.246
182.141
120.835
85.573
105.388
84.156
5.028
65.467
505.619
119.508
93.385
164.248
515.972
108.367
106.154
157.153
113.282
68.59
440.809
534.51
105.154
95.013
63.19
130.417
124.303
87.909
330.418
87.61
173.188
64.508
63.293
170.316
164.487
103.863
63.772
86.764
399.042
108.134
67.06
87.146
196.74
145.596
103.629
97.384
159.847
87.118
65.759
67.726
628.07
67.711
221.006
125.168
90.301
79.411
91.292
65.84
65.718
103.245
201.566
120.534
65.996
65.592
110.95
154.107
66.687
97.252
149.267
139.953
64.542
65.499
116.858
607.07
79.033
107.356
801.392
114.633
97.811
90.724
183.505
103.633
234.039
65.219
94.97
118.153
87.618
128.134
360.097
119.622
112.191
64.942
141.469
116.132
88.701
201.896
563.924
97.783
113.677
117.244
65.228
90.055
98.491
83.073
76.471
83.482
130.875
267.87
65.895
166.397
254.355
64.028
127.905
85.98
95.843
187.229
64.006
105.41
66.435
63.692
194.28
121.439
395.863
109.366
126.89
143.013
121.614
119.883
396.807
966.831
136.781
156.286
139.827
90.293
84.88
86.914
250.697
65.325
242.054
64.712
101.861
67.133
68.565
266.878
114.988
181.454
119.311
94.209
81.976
131.278
120.342
64.096
145.208
65.187
319.103
165.314
92.057
208.903
67.704
147.427
201.412
368.912
830.153
92.201
121.015
70.88
247.955
64.355
426.173
556.047
170.146
65.027
747.988
66.647
214.472
64.908
105.6
289.205
84.863
94.55
64.808
96.094
115.869
95.87
90.751
86.254
911.74
209.84
803.844
200.47
106.44
83.71
64.717
137.065
92.2
64.027
97.947
274.721
97.728
138.64
82.402
143.587
108.232
130.181
177.047
89.469
62.771
64.397
292.489
853.081
62.657
224.16
150.431
219.88
101.095
122.854
63.364
63.764
92.834
773.943
104.81
119.199
79.746
123.081
85.086
66.278
137.664
184.04
65.063
247.273
79.091
126.952
82.7
109.985
117.595
88.765
149.527
285.055
63.562
227.495
177.392
128.236
71.118
84.591
94.153
207.668
96.688
87.423
64.652
214.783
208.31
356.228
67.914
94.864
166.997
63.086
147.106
89.96
104.191
68.269
99.149
94.806
157.937
470.654
150.609
126.624
68.838
106.402
123.976
106.576
142.242
88.175
80.762
176.54
64.195
84.436
80.137
142.744
111.975
141.981
141.945
88.581
68.145
368.414
88.883
113.179
180.509
137.57
173.954
122.694
65.348
558.62
221.606
621.669
457.864
49.979
180.259
119.85
97.476
109.957
150.785
63.079
64.137
140.589
89.28
96.037
64.975
185.91
77.297
92.632
83.292
101.725
423.484
62.146
65.48
256.412
124.984
314.002
65.814
99.612
66.143
117.275
102.04
64.627
65.237
63.676
106.106
99.804
91.021
91.966
115.582
122.828
683.271
132.043
339.128
65.381
84.6
63.575
80.175
439.06
111.619
65.73
81.98
89.866
84.788
531.666
110.338
90.882
496.072
66.062
97.989
200.76
553.922
759.007
65.251
112.562
63.389
82.012
108.464
101.575
151.077
86.648
65.478
97.509
63.882
266.414
64.5
323.469
115.514
214.033
64.43
69.309
69.906
128.756
123.538
146.938
95.15
167.65
88.395
68.353
125.288
95.486
247.24
65.93
115.074
90.047
64.782
70.919
90.508
263.821
115.73
64.921
65.701
65.281
94.527
152.462
64.066
476.054
174.828
69.233
89.077
120.782
64.557
194.179
118.925
110.849
75.499
110.607
64.456
176.893
94.333
274.419
73.471
114.062
96.88
155.639
116.504
95.363
88.59
63.616
134.56
119.561
127.97
104.361
64.861
91.179
64.109
340.004
122.707
151.263
120.069
248.068
126.971
129.355
63.672
85.737
82.238
64.123
143.239
100.298
90.122
63.186
178.068
368.268
110.248
910.303
91.618
106.027
110.131
80.875
63.559
130.655
63.739
62.777
122.811
90.1
768.351
80.224
90.605
64.831
65.046
69.835
73.517
112.131
243.279
62.858
89.37
62.114
63.092
92.543
359.781
276.611
120.428
87.651
549.087
169.458
95.335
122.625
64.046
80.273
154.986
168.941
144.19
90.48
64.745
355.125
280.646
236.106
64.728
68.935
63.55
67.758
126.87
118.491
63.662
142.081
86.26
78.185
809.315
316.425
87.541
94.363
151.02
220.775
63.483
172.614
64.221
90.594
133.841
88.624
163.532
205.044
92.472
142.328
123.707
166.467
63.786
237.549
107.694
65.92
389.167
105.235
106.693
807.648
87.298
63.34
72.389
166.74
90.58
131.655
63.501
173.852
95.323
247.497
90.704
78.353
143.976
91.983
64.405
105.999
311.083
106.245
100.158
109.082
156.613
123.204
205.684
167.477
87.637
136.009
565.357
67.255
149.358
64.214
134.769
92.187
95.846
68.002
466.581
94.553
63.322
708.231
113.783
87.143
161.045
118.639
65.098
118.412
176.564
131.347
100.756
72.104
166.179
65.904
141.566
68.404
63.299
102.471
70.528
104.816
129.774
92.718
90.205
127.448
118.904
62.914
83.535
108.72
126.646
88.713
136.632
786.683
165.628
62.986
79.626
204.445
90.55
391.222
66.707
109.021
85.067
81.999
81.345
90.162
116.321
65.17
115.449
87.205
185.832
198.878
147.185
82.967
91.286
225.318
219.678
68.604
87.664
88.187
202.468
175.331
113.641
67.176
66.75
37.482
85.084
104.259
63.013
63.854
113.195
65.279
64.752
78.339
214.22
292.902
94.478
66.376
81.498
78.281
67.258
87.092
112.91
99.078
120.936
140.217
88.393
63.877
87.43
97.216
63.627
154.431
288.68
120.469
88.048
143.495
112.002
106.583
163.327
117.187
77.472
93.487
96.614
87.744
122.394
188.216
140.4
78.627
115.311
91.358
686.176
66.074
100.679
158.959
63.089
92.57
77.89
82.627
65.835
64.219
243.86
100.154
66.576
382.443
135.166
64.607
92.091
201.815
69.164
187.623
172.825
164.396
109.791
92.304
165.341
166.901
115.776
65.022
65.655
92.36
150.189
292.951
99.108
81.973
131.539
381.01
80.075
249.83
65.78
127.621
84.716
76.118
109.367
67.688
311.738
198.508
64.912
819.45
206.966
188.482
187.009
65.629
106.018
68.455
93.962
355.277
278.87
81.889
81.814
112.053
112.605
159.032
68.931
366.257
134.302
64.982
117.411
310.206
102.321
84.135
106.003
186.885
63.897
149.149
139.725
107.706
155.307
154.374
64.29
169.663
121.595
444.426
121.403
171.433
77.907
184.309
463.732
480.272
108.097
75.823
914.538
157.547
122.889
149.435
135.309
81.331
93.942
115.689
68.253
201.879
734.184
155.22
91.652
65.969
127.977
65.054
1.864
171.153
88.35
66.685
71.804
486.408
91.001
181.477
112.358
65.789
100.803
65.267
161.224
178.855
115.435
420.943
117.32
119.055
64.194
64.22
65.688
71.278
103.243
287.241
458.902
215.18
122.565
132.301
143.856
837.322
136.115
98.892
179.46
188.659
130.03
413.448
88.993
134.603
131.534
207.698
67.796
123.59
199.264
130.852
86.849
69.82
275.012
106.269
170.711
203.649
166.979
102.649
108.974
107.649
63.163
172.738
108.886
117.303
188.426
86.384
87.772
135.804
140.589
135.799
127.981
187.711
97.367
211.974
139.746
276.455
277.68
95.002
114.245
64.72
215.905
104.346
189.986
97.278
179.848
275.227
134.853
190.029
265.233
98.054
687.405
268.916
67.751
64.965
66.716
123.355
151.76
587.138
95.484
149.713
164.549
121.76
65.789
222.3
586.636
105.883
124.634
123.047
102.591
64.909
111.875
190.876
64.633
195.477
64.626
710.238
66.963
89.815
65.36
180.409
65.489
63.692
63.659
120.403
107.548
63.479
158.947
66.037
149.04
124.815
84.584
87.708
84.321
98.648
65.572
97.056
364.997
69.796
64.961
140.14
182.294
64.633
310.974
148.974
273.969
63.231
121.083
678.555
96.431
120.464
207.954
113.518
63.398
90.65
65.332
85.027
63.433
63.668
93.659
126.25
147.264
120.842
63.681
162.038
63.786
120.16
178.18
84.125
85.811
302.88
144.184
64.154
279.173
63.955
177.403
66.801
217.307
68.171
71.436
132.572
67.962
106.28
87.68
437.482
707.131
65.277
141.929
65.308
198.798
62.785
444.507
115.087
104.612
104.778
71.316
160.88
69.605
248.627
160.971
171.151
149.896
63.762
561.244
130.817
798.05
194.915
106.095
207.099
80.374
64.775
200.163
95.769
113.681
115.916
155.311
403.909
65.593
264.506
182.7
122.774
116.037
117.873
133.377
213.194
63.379
282.006
178.49
66.179
141.404
109.66
78.326
194.486
171.945
67.219
320.185
70.457
343.099
176.523
99.295
94.427
163.058
131.118
143.165
63.289
792.566
108.167
81.032
62.907
207.63
206.037
164.429
254.613
64.08
137.605
133.393
64.232
344.09
71.63
67.36
304.105
100.789
331.977
120.796
85.783
94.041
227.61
65.36
64.277
118.168
249.078
177.607
141.992
122.86
109.272
86.621
446.422
65.731
102.523
106.343
137.007
65.656
267.849
393.885
105.325
416.677
63.879
934.396
110.856
62.636
958.541
126.344
111.759
62.821
103.616
66.679
126.073
137.212
89.151
65.447
63.596
115.789
63.544
99.753
103.963
118.921
153.32
190.305
164.72
189.615
159.474
65.737
83.709
157.693
99.105
114.267
71.478
169.739
64.083
180.723
98.715
81.502
63.181
110.796
120.649
741.961
205.112
64.863
195.677
114.044
393.914
90.639
547.33
651.696
71.036
120.172
63.639
175.653
65.252
132.021
144.53
64.982
64.827
88.67
797.151
120.49
299.839
64.272
203.379
142.299
65.136
218.6
806.57
739.543
198.724
217.186
102.242
159.297
136.69
247.66
183.18
93.177
114.608
65.178
90.035
183.7
118.176
102.646
64.598
63.536
174.954
218.806
172.014
286.408
332.835
64.914
163.657
161.802
63.21
197.052
79.827
187.396
246.461
65.295
401.021
190.057
340.728
117.831
309.871
65.427
64.932
127.284
96.411
64.512
497.123
401.297
470.0
88.649
110.827
64.829
99.058
366.161
182.335
106.859
118.214
65.692
102.196
163.264
241.083
761.961
141.556
229.335
65.437
63.357
237.271
123.977
62.771
225.765
155.942
123.965
186.363
118.018
100.815
116.4
92.641
65.165
138.678
147.445
103.095
65.258
87.494
130.5
119.479
179.889
85.031
142.713
64.958
66.428
106.754
97.868
66.634
100.307
125.387
110.484
85.907
187.762
610.689
65.7
198.997
110.381
324.622
168.343
114.563
86.713
203.273
107.612
328.697
189.478
113.187
123.584
94.411
348.319
281.705
152.164
65.552
123.709
75.76
64.022
88.445
63.546
233.79
63.789
600.026
129.178
64.447
127.037
83.03
63.656
68.714
66.719
63.319
170.145
147.339
103.365
150.23
66.447
154.8
78.593
181.535
89.024
86.431
234.183
530.169
136.044
92.022
204.223
206.431
174.059
174.351
223.355
121.811
64.893
402.567
137.23
147.225
609.216
64.883
307.659
229.184
131.641
113.954
138.867
122.793
352.519
116.557
182.966
134.541
267.259
190.722
883.767
87.444
120.245
163.637
63.957
184.257
174.346
128.357
170.396
102.218
213.533
126.315
64.062
89.068
164.078
90.141
191.303
117.54
983.27
117.144
119.754
130.062
659.233
89.903
949.297
65.895
63.954
132.696
214.761
214.628
115.876
124.657
106.653
135.523
63.529
143.621
892.097
172.508
110.35
94.973
354.282
98.094
65.016
219.255
206.045
290.112
133.801
107.312
63.493
85.834
64.276
118.968
77.75
65.066
64.257
122.293
94.228
64.426
200.678
118.88
237.744
147.948
65.605
63.182
141.211
63.863
242.082
115.416
161.78
115.805
755.386
97.853
103.943
175.454
412.551
64.082
338.784
119.758
69.145
130.017
142.906
63.926
129.275
85.674
138.476
907.237
64.859
63.682
64.047
100.03
378.561
85.013
247.726
110.144
412.341
118.187
66.774
152.508
764.16
91.241
464.704
117.259
67.33
650.672
98.317
65.253
156.076
556.074
106.002
14.851
183.12
121.383
867.74
88.73
73.694
157.313
88.539
134.443
533.41
184.523
428.481
855.146
69.854
67.035
90.195
64.472
102.051
190.089
87.942
198.581
99.429
382.492
121.055
169.939
179.367
151.455
63.226
226.286
414.286
122.708
255.951
65.454
217.641
95.62
66.468
145.723
85.289
126.051
87.649
138.761
772.703
608.68
8.09
447.327
64.161
135.955
225.238
507.894
121.543
144.825
159.19
85.33
82.414
86.764
143.841
168.435
198.394
70.549
107.137
96.567
145.363
198.197
135.974
112.273
64.497
467.23
134.516
346.08
113.801
199.098
250.129
65.733
163.914
129.791
200.741
70.35
65.465
64.711
393.486
129.508
200.584
523.177
144.396
65.183
648.572
119.666
125.873
137.085
96.249
70.189
178.519
132.189
113.018
115.733
183.792
63.335
112.591
477.032
124.386
177.301
181.086
164.098
134.525
62.87
108.536
124.769
145.642
190.323
63.275
118.555
120.667
487.165
170.27
115.535
63.813
63.9
93.765
63.663
92.35
77.376
134.295
920.069
94.734
170.417
65.857
915.344
67.107
89.871
128.502
150.205
82.139
112.858
64.02
119.501
65.193
108.539
940.831
159.964
151.746
141.023
134.723
64.029
63.239
94.705
136.603
100.312
66.076
132.818
64.744
65.093
116.174
792.276
424.983
173.596
147.696
224.643
64.941
100.554
106.55
177.187
199.702
65.117
338.228
153.599
232.039
140.717
485.025
250.028
64.073
68.74
189.878
69.001
462.487
200.364
114.616
69.323
64.353
151.303
97.357
64.287
224.734
63.036
93.229
164.886
229.423
281.4
128.483
64.194
96.49
163.422
133.086
122.353
166.25
74.591
63.789
180.056
65.373
208.897
605.273
69.811
141.782
66.699
217.269
139.884
761.594
126.17
150.539
66.324
583.277
64.408
352.257
193.559
63.155
190.692
320.959
69.804
64.922
135.778
127.865
124.641
88.752
204.889
63.884
138.493
569.119
206.366
313.528
64.06
108.708
108.661
63.969
208.305
98.652
394.248
93.576
137.038
106.896
65.509
98.06
129.597
66.176
64.351
63.569
74.543
348.382
127.824
96.431
109.468
115.378
232.87
99.079
233.159
192.327
64.882
142.482
66.149
107.933
87.68
65.843
261.061
93.334
65.553
174.24
272.589
570.891
100.349
398.066
129.259
809.958
146.347
130.391
64.793
64.194
850.747
150.834
98.122
194.536
133.778
67.738
148.64
73.481
139.081
123.109
127.822
170.492
194.762
111.394
151.747
124.95
177.974
314.606
63.492
97.624
99.863
217.235
93.436
192.732
64.798
163.761
166.731
63.931
94.869
110.897
65.372
157.141
120.535
322.403
62.923
78.285
96.602
110.84
147.673
105.76
64.608
135.147
106.275
117.805
255.193
64.928
127.466
188.038
447.387
65.147
558.699
158.253
204.956
96.565
68.63
63.477
162.995
744.905
935.115
90.636
65.02
63.935
64.011
124.171
67.447
94.264
271.298
100.844
202.501
109.437
85.289
71.722
158.121
433.139
99.301
553.994
145.109
63.859
102.785
86.556
221.3
64.685
155.858
64.428
97.933
164.389
64.293
118.466
87.729
215.273
228.036
64.272
120.338
86.977
304.543
145.172
68.248
63.741
64.245
135.198
91.402
95.8
291.53
63.421
64.788
84.331
92.369
155.86
64.446
86.792
133.238
70.289
147.537
109.377
141.396
119.463
66.395
205.725
65.61
231.098
84.95
63.495
64.863
92.716
86.409
82.823
137.884
139.822
225.552
199.076
135.096
418.552
82.511
217.696
65.213
152.677
117.545
91.431
76.579
101.592
64.912
490.246
132.056
63.525
65.309
70.23
134.553
251.34
97.037
64.877
94.26
161.365
125.245
141.399
313.734
77.951
118.121
69.834
79.278
125.753
85.481
64.167
102.475
62.934
126.638
161.818
120.77
63.962
135.673
70.307
88.964
109.221
104.616
88.154
64.965
92.464
70.585
443.666
88.395
135.428
96.444
142.483
68.72
188.618
107.853
103.548
75.796
126.651
142.564
239.257
87.033
130.623
62.866
112.615
63.543
69.616
184.481
104.399
214.932
107.814
63.24
193.245
65.265
118.519
65.727
87.04
64.251
104.321
70.246
302.41
89.997
65.691
90.572
64.067
122.065
146.364
65.473
62.416
170.186
63.893
149.993
69.709
290.874
220.888
835.386
137.471
99.914
170.128
81.263
144.939
131.46
193.521
219.854
141.632
414.745
160.105
71.141
109.358
645.609
66.147
978.531
96.661
247.946
126.57
225.981
63.665
65.044
64.363
88.527
158.779
101.461
89.843
90.26
64.238
107.119
154.781
119.174
116.681
199.04
196.463
78.928
83.174
115.05
112.646
62.468
114.712
102.663
125.612
86.05
105.768
140.673
113.871
145.968
101.118
63.874
64.156
131.252
180.763
112.734
149.233
145.831
154.91
65.009
791.074
63.127
921.694
102.095
65.332
67.5
154.129
161.854
65.447
95.5
187.45
63.237
143.231
171.994
90.464
89.644
127.13
78.609
111.35
79.941
162.302
129.925
88.354
403.255
215.534
64.058
84.656
124.39
66.86
103.225
86.559
64.167
65.114
101.86
91.334
135.239
91.416
345.813
119.947
96.357
65.249
132.922
779.277
501.8
89.56
69.073
88.873
64.601
486.573
100.834
65.668
129.492
150.074
92.169
89.104
574.706
126.259
127.418
635.33
195.593
119.794
246.826
466.374
109.964
155.719
64.164
83.406
107.387
64.518
180.9
726.686
64.939
66.014
124.255
286.362
63.964
137.808
217.448
62.816
367.383
63.255
471.085
158.568
454.155
63.799
133.763
175.287
130.539
119.465
129.401
164.993
63.338
173.648
126.537
147.572
63.859
65.188
64.126
66.128
247.351
63.685
136.357
63.246
467.601
124.778
65.648
735.197
65.393
175.582
322.374
215.146
175.8
68.25
250.373
107.764
98.346
208.744
96.962
118.092
290.628
264.755
151.644
445.059
97.484
113.763
216.9
186.649
119.695
63.829
67.463
116.577
161.091
558.809
141.119
65.719
111.838
176.683
388.375
148.456
191.421
143.051
215.828
159.92
110.632
122.766
482.76
64.959
117.876
374.653
67.386
108.507
116.757
65.822
108.808
65.53
166.162
163.563
63.814
116.977
64.685
82.097
172.492
193.551
139.295
115.559
138.557
100.512
69.34
136.683
215.143
86.767
167.597
165.422
65.055
196.148
66.211
69.155
231.06
161.834
79.617
100.994
65.59
125.567
178.356
63.838
226.4
95.421
136.737
127.751
64.747
87.606
236.456
90.092
64.097
65.268
86.268
197.073
150.375
162.838
119.663
121.214
63.387
179.854
126.72
139.141
64.28
138.025
128.746
95.975
201.251
99.567
104.285
68.983
127.266
128.926
149.579
77.18
158.149
221.407
120.254
141.56
130.346
129.632
64.322
93.138
64.732
63.422
66.184
94.303
206.71
130.738
65.316
105.071
201.033
65.884
100.483
82.411
134.922
183.522
116.838
612.251
221.287
70.356
252.87
93.362
207.982
66.565
163.948
95.766
64.114
132.248
128.768
344.957
157.535
163.887
187.939
195.547
101.83
100.854
280.785
205.205
455.594
185.265
117.223
66.508
225.547
100.109
307.585
594.353
216.123
188.768
63.901
344.211
118.928
63.442
100.799
65.39
67.958
245.495
546.069
153.167
64.614
115.653
115.14
81.679
410.242
65.087
127.024
282.728
66.091
187.179
346.528
171.602
166.751
72.301
141.674
85.996
162.772
285.24
175.037
65.869
65.133
439.924
102.713
68.423
162.37
65.567
228.0
107.339
66.047
134.612
133.045
122.02
860.026
185.046
202.4
135.175
63.574
335.414
158.73
64.923
109.223
184.096
156.744
63.539
229.622
65.268
104.244
65.625
109.131
103.323
804.415
116.152
110.018
186.431
139.625
64.227
103.636
107.25
100.832
66.114
101.884
792.745
65.853
192.783
189.979
156.315
170.724
774.914
279.087
155.066
153.924
159.216
67.171
64.788
64.376
30.013
122.115
166.782
64.106
155.923
58.096
266.404
84.144
277.368
167.666
154.447
65.295
173.796
141.491
133.504
105.791
155.87
68.342
205.999
92.633
316.281
221.791
325.85
179.181
92.192
108.792
104.329
64.492
141.028
167.756
63.693
85.745
128.561
64.139
93.244
118.113
140.363
108.371
149.82
284.528
67.311
277.923
63.609
136.653
149.771
206.596
64.982
166.804
323.071
142.489
125.056
60.096
109.705
579.583
152.908
134.719
65.574
292.499
65.594
288.04
153.138
123.381
306.501
187.09
128.162
283.737
157.638
854.674
102.835
65.505
194.258
96.436
291.574
132.662
148.108
843.554
66.442
642.023
120.391
127.068
238.682
733.478
98.682
113.136
108.614
65.432
236.537
321.994
124.656
147.794
87.1
152.742
970.194
67.811
64.021
473.809
92.334
97.546
64.671
229.072
109.063
293.134
76.872
89.756
100.326
211.457
691.463
651.293
349.637
171.672
134.238
155.938
66.273
203.56
126.461
175.011
66.401
89.25
139.649
140.141
153.134
179.882
92.505
248.703
163.931
67.183
65.382
67.882
62.736
243.564
88.378
64.345
63.781
217.147
172.566
63.521
133.06
121.784
202.62
119.675
64.76
158.535
380.978
939.591
155.416
119.645
64.365
141.3
124.429
66.03
63.913
193.986
164.772
106.352
63.203
66.513
167.149
154.699
65.587
63.155
281.448
63.753
66.093
126.129
67.51
491.194
64.03
114.715
139.689
68.965
247.957
898.184
64.941
64.172
65.43
170.7
186.171
321.037
174.072
100.607
64.387
135.935
184.168
93.995
241.269
64.717
148.07
122.705
63.443
68.607
88.022
139.406
509.124
171.64
64.61
63.962
297.099
137.894
101.674
111.034
117.871
63.579
225.777
63.636
94.341
66.621
96.808
96.497
117.68
126.205
181.311
720.227
102.957
678.795
133.713
179.695
400.339
228.989
566.141
163.974
149.976
93.394
136.952
145.843
102.066
7.91
162.331
134.446
158.923
215.316
66.959
286.472
106.851
97.753
89.334
184.835
128.098
64.574
638.148
67.857
172.382
100.933
102.324
351.646
65.588
84.004
113.172
181.97
136.556
87.534
111.893
108.246
68.191
120.516
126.039
114.475
92.78
63.851
88.989
121.725
107.683
163.342
64.035
143.712
154.286
104.833
86.727
163.97
118.278
152.022
82.498
108.711
63.826
86.648
98.045
66.387
116.116
391.937
68.528
132.406
64.089
159.861
86.605
92.179
63.546
63.476
64.617
138.102
102.585
64.98
86.078
115.454
111.097
116.851
132.804
157.356
107.178
128.478
358.559
136.184
63.925
86.068
848.41
65.456
64.649
95.868
191.418
205.996
95.355
166.356
93.351
129.626
102.938
195.639
137.487
86.002
133.254
219.091
64.169
113.63
89.911
121.084
117.988
135.364
65.993
103.657
212.98
153.625
690.526
83.804
206.087
64.585
155.007
74.606
135.304
202.768
63.673
135.54
589.752
155.185
87.349
969.26
117.413
91.922
64.179
108.829
65.651
63.734
121.92
66.008
124.494
204.146
95.468
130.301
488.905
65.098
63.837
107.804
179.799
107.207
688.487
170.152
120.746
64.95
82.038
97.35
112.652
81.649
95.244
191.435
99.719
66.267
96.16
118.327
244.399
157.543
126.702
101.456
111.121
92.393
157.657
80.303
94.325
969.835
244.748
64.755
181.359
626.504
146.545
63.359
221.46
75.107
65.652
113.822
181.757
316.466
68.269
135.321
215.142
147.365
69.079
118.868
158.493
90.941
166.568
101.029
64.13
120.611
121.984
90.177
66.969
64.121
91.957
65.338
224.198
89.005
96.873
477.554
91.557
97.62
63.6
111.266
97.627
63.569
63.429
274.468
122.857
136.831
118.442
92.197
65.754
207.555
207.222
65.345
65.123
151.188
316.653
106.174
64.68
158.834
99.488
121.802
234.954
256.416
347.031
102.052
68.669
66.088
91.741
118.117
70.45
78.365
89.844
126.283
245.593
106.256
88.665
146.783
996.376
606.81
67.281
95.026
148.139
102.672
215.37
63.407
413.531
937.835
97.107
749.149
108.262
63.302
129.75
163.443
89.541
65.59
108.822
114.325
83.963
177.482
220.681
111.7
184.223
100.975
67.687
191.062
66.237
448.979
63.798
106.468
89.193
530.561
88.165
95.349
64.991
116.263
191.358
802.813
75.73
108.458
542.569
129.547
216.146
166.694
130.584
69.25
175.193
206.992
165.946
330.134
63.32
212.582
100.293
146.17
119.451
834.202
65.82
150.339
128.687
94.605
83.701
168.041
139.785
373.297
136.853
65.812
125.938
67.14
99.972
530.357
64.891
65.6
125.146
115.27
162.812
123.148
202.982
725.511
101.844
91.748
91.929
155.483
135.18
90.318
979.152
77.781
64.605
120.292
153.185
194.666
179.418
127.121
108.137
91.416
98.556
674.683
88.468
131.775
159.657
146.382
110.456
172.27
245.997
165.133
65.597
64.609
63.775
447.516
87.866
111.54
108.075
69.717
94.57
93.65
64.469
163.823
63.7
87.901
230.299
65.017
80.432
79.308
92.449
164.916
115.27
83.515
163.782
577.149
65.631
115.672
63.524
99.768
83.023
63.111
117.811
65.692
121.63
127.944
104.762
114.812
162.997
694.877
95.862
87.169
108.118
144.56
182.78
90.604
97.327
96.14
130.447
64.766
158.224
99.154
65.109
303.903
97.099
63.655
186.457
155.555
65.245
63.892
64.295
123.122
78.62
68.298
142.826
83.218
93.892
66.504
63.422
64.498
96.9
63.168
64.814
587.15
129.985
129.343
157.69
130.258
615.614
64.939
276.778
111.784
154.813
83.795
149.23
221.949
74.063
76.166
585.328
181.915
126.874
62.42
91.431
154.535
63.906
62.826
159.092
183.899
63.39
99.655
116.656
73.882
122.302
64.228
69.616
64.939
136.813
164.152
63.471
92.632
97.135
196.002
95.223
64.296
271.354
159.096
146.073
63.077
862.738
97.044
103.531
144.81
64.826
64.486
65.394
832.749
64.594
65.331
143.71
66.49
193.25
119.958
86.765
64.368
101.246
107.714
68.744
65.496
220.191
87.554
117.832
153.884
62.539
151.467
142.795
65.156
141.576
65.34
97.79
124.984
226.123
213.462
99.769
129.177
105.414
145.562
329.391
65.637
208.834
241.308
65.153
65.288
130.904
313.023
89.724
115.479
115.316
111.425
167.738
88.997
63.935
97.641
68.36
124.791
162.451
925.691
67.708
117.127
468.297
93.359
63.206
587.634
142.124
71.397
101.222
276.189
91.559
93.121
106.659
63.933
84.227
87.038
139.296
67.874
80.273
880.235
130.196
161.14
91.349
133.736
86.942
63.17
73.719
94.413
139.662
323.568
150.459
594.771
738.196
163.191
65.594
130.261
67.238
104.798
63.233
83.937
64.357
132.699
196.953
88.935
66.622
64.123
134.3
47.881
106.903
66.054
98.043
160.843
65.477
145.797
63.398
100.513
705.381
94.637
294.743
70.298
63.648
64.906
64.584
78.948
103.922
86.645
133.405
372.757
63.861
164.221
135.638
99.468
184.747
450.719
305.703
94.304
65.014
40.402
126.762
63.162
110.666
67.455
125.026
82.158
90.112
65.998
104.912
148.122
151.923
66.17
65.793
65.909
172.714
65.618
128.261
68.884
63.734
175.675
135.772
147.134
93.719
63.715
762.31
174.515
554.736
138.268
151.015
461.803
162.398
64.756
63.647
588.507
136.231
122.75
65.273
113.827
65.478
64.238
182.898
214.795
382.686
115.894
120.003
173.245
132.43
269.434
69.471
126.013
224.165
109.159
99.133
169.725
98.555
64.143
157.712
161.053
65.06
166.878
324.333
85.051
64.367
147.846
345.437
396.126
64.843
179.481
190.154
310.899
66.377
196.691
139.487
169.812
108.449
62.917
100.185
169.06
218.947
200.745
95.506
260.393
161.669
64.13
63.614
126.729
138.685
798.647
64.943
124.792
64.605
85.084
65.331
65.649
129.496
94.359
127.357
64.298
125.666
185.521
91.234
200.505
123.264
68.518
200.683
64.096
108.998
172.211
69.234
233.151
326.344
159.851
64.996
148.032
640.295
131.12
248.622
385.778
105.225
789.981
80.747
17.639
127.178
117.427
173.198
110.82
65.239
95.353
65.514
109.893
67.798
86.777
103.088
64.191
150.807
126.74
148.879
205.877
138.494
223.484
578.818
64.754
193.178
113.717
97.526
365.404
89.725
130.199
117.705
87.415
139.466
97.456
137.184
140.98
99.346
422.946
64.365
70.949
124.789
894.369
175.163
161.14
187.579
200.319
69.241
88.137
97.73
86.205
79.345
102.845
136.632
91.848
110.778
63.181
168.735
134.851
512.273
108.746
156.691
66.669
126.395
64.943
169.061
126.704
254.508
64.3
126.471
117.609
313.06
65.2
228.533
66.367
173.567
64.3
111.317
218.001
113.992
95.335
201.901
91.565
103.493
89.325
63.03
135.065
170.431
347.339
229.541
113.51
64.057
145.006
83.054
153.535
102.567
141.865
152.019
123.634
171.272
64.034
118.117
256.017
181.522
645.484
152.343
65.239
100.43
480.773
585.079
134.791
439.731
87.727
132.939
223.355
63.732
122.792
75.543
99.619
93.579
109.949
63.355
127.573
119.593
717.688
141.202
134.579
143.05
83.117
64.874
183.482
375.556
283.314
64.878
203.23
166.564
122.312
215.72
64.717
110.131
111.893
67.01
114.197
150.601
280.115
117.861
68.029
338.069
66.076
64.686
318.235
65.197
63.793
124.996
116.52
151.695
64.534
93.767
64.292
231.205
132.525
65.499
64.751
66.659
67.993
85.8
815.829
151.375
140.143
73.528
127.384
130.491
65.016
239.391
64.343
685.023
63.06
355.834
91.563
252.726
104.462
63.38
88.96
64.373
115.844
100.068
157.898
110.674
128.609
63.777
80.748
369.444
103.164
159.164
121.0
62.979
80.615
190.191
130.657
87.39
578.205
223.424
107.254
382.277
96.696
202.785
144.83
137.178
786.24
216.393
100.486
100.525
158.457
65.272
472.377
277.859
65.538
64.449
417.812
158.784
64.034
109.471
196.044
289.756
147.431
157.04
64.185
65.462
575.014
65.253
70.867
66.336
85.069
117.49
239.154
73.171
106.222
104.215
63.878
120.259
636.574
92.728
125.791
121.706
143.74
93.036
64.897
67.741
105.201
356.223
101.298
103.714
65.955
107.094
63.703
196.507
139.747
455.502
145.6
127.583
166.988
67.553
121.43
66.109
93.086
65.773
275.601
255.716
120.814
86.19
64.988
206.529
143.549
119.183
131.412
113.654
63.446
224.798
65.649
166.953
66.087
181.794
65.251
755.752
67.439
64.384
535.505
83.765
353.77
85.744
115.93
983.279
144.559
171.055
128.687
170.689
152.808
68.719
67.11
94.36
106.69
193.53
91.627
141.136
590.516
85.756
155.769
95.517
107.521
64.421
102.157
82.001
192.002
102.323
63.714
97.08
73.444
134.128
68.413
122.4
103.378
138.849
127.887
74.277
892.257
102.362
277.266
135.537
747.549
126.435
227.708
114.027
64.791
167.509
196.379
174.024
68.353
162.016
133.148
179.111
803.147
65.741
68.578
187.065
16.352
64.345
69.712
65.738
188.54
177.653
97.916
103.359
133.123
64.836
192.971
104.576
158.768
173.664
135.005
65.973
908.1
63.131
64.742
65.64
103.998
176.216
182.619
173.255
112.14
550.611
208.309
164.394
125.569
242.87
219.538
83.342
124.669
84.24
74.451
119.657
117.147
93.256
65.045
150.405
78.693
98.59
99.161
96.437
108.533
942.959
329.706
144.009
116.664
66.675
89.364
65.466
238.711
158.054
209.138
108.476
164.796
64.5
88.625
66.504
226.007
63.756
145.592
164.722
307.742
168.045
243.439
156.777
92.037
182.571
142.979
63.947
138.383
65.586
268.819
132.577
111.992
125.435
189.282
98.757
87.887
66.046
591.646
213.971
115.8
158.064
179.293
142.139
106.973
87.925
168.616
415.464
67.915
63.553
170.639
138.328
64.695
90.954
153.229
70.912
119.475
87.515
84.408
207.834
109.702
110.084
158.361
86.961
88.168
128.3
163.227
64.943
116.737
125.369
119.571
256.043
63.477
215.777
126.719
108.26
481.551
139.995
275.236
258.537
64.115
853.725
70.298
65.055
170.77
162.887
84.456
308.902
220.043
190.335
64.447
123.814
156.247
183.866
64.615
65.558
227.211
98.192
551.08
209.734
94.641
115.702
821.814
97.88
171.452
107.516
106.097
147.603
145.334
92.378
126.385
266.917
287.535
118.35
77.409
88.643
173.53
81.713
95.817
129.649
68.104
102.721
130.244
114.479
64.416
79.872
108.328
96.906
622.993
65.534
103.461
849.819
66.085
801.641
253.2
119.105
64.669
64.555
88.259
63.512
162.645
63.536
700.39
100.55
146.883
91.2
65.219
351.892
153.799
91.752
535.808
133.606
141.405
187.896
165.096
160.345
139.954
328.002
67.977
65.874
116.091
89.685
127.81
413.225
95.746
63.874
63.257
312.104
88.273
246.054
158.43
104.35
92.953
64.649
64.385
92.099
119.142
66.226
162.054
147.804
109.24
149.174
63.517
94.336
151.24
139.991
633.593
65.995
104.126
185.747
79.152
83.433
96.32
136.973
96.66
97.869
777.925
125.394
131.949
190.031
227.073
127.957
136.641
328.62
65.814
106.257
422.627
57.368
101.138
170.61
89.266
135.454
166.801
350.342
335.99
127.148
120.675
173.033
120.974
115.941
107.943
103.184
64.0
154.428
189.808
63.888
64.342
381.032
286.508
65.332
93.476
140.607
405.599
118.626
125.112
164.795
96.881
193.002
107.773
130.496
176.935
64.316
69.616
87.719
67.243
64.089
162.108
68.712
38.852
274.646
111.536
125.931
136.174
65.164
66.548
84.411
171.82
103.037
64.723
158.969
130.618
93.0
72.22
69.893
180.57
91.631
151.558
185.93
193.611
730.591
127.272
66.71
184.187
514.609
180.027
84.235
66.366
116.834
63.924
165.308
191.353
122.526
65.283
65.741
583.979
174.726
169.389
230.649
144.239
212.636
97.693
91.511
194.074
151.388
65.161
134.963
95.619
922.356
281.016
65.634
64.201
305.201
94.823
100.871
74.492
163.257
66.7
117.118
143.157
66.224
73.976
65.42
67.098
161.266
123.062
64.565
88.409
65.754
148.405
140.772
70.079
404.91
64.936
86.382
425.47
124.134
108.125
478.275
124.221
124.216
65.27
100.315
64.171
63.522
173.875
74.505
116.202
67.72
129.365
92.404
146.281
203.684
95.139
163.112
131.124
176.863
104.693
102.607
108.29
112.966
66.492
136.619
89.424
145.045
64.405
101.247
95.331
99.77
79.537
65.83
63.771
66.906
186.263
90.253
99.683
226.313
91.131
181.121
127.536
137.307
64.584
85.295
120.649
141.158
14.339
64.375
88.247
64.427
129.28
103.787
85.398
209.295
214.611
135.192
243.371
116.239
63.86
127.115
95.091
86.832
67.172
63.601
94.11
127.156
145.382
65.399
76.303
163.149
682.171
115.493
110.52
108.736
141.201
184.849
198.266
94.933
216.617
941.666
76.262
93.12
114.433
64.953
67.945
146.022
110.558
64.658
159.565
134.712
65.463
241.395
67.141
542.344
213.111
98.064
147.773
63.094
192.735
90.724
188.189
129.921
153.945
129.495
120.706
64.135
213.662
220.756
65.451
221.973
64.1
64.27
64.67
241.001
205.898
64.059
143.626
64.267
64.075
478.326
90.911
138.212
64.176
199.674
66.471
134.371
118.643
121.463
169.066
117.526
166.422
123.42
94.63
168.771
66.616
69.706
83.446
65.449
201.864
98.271
226.406
876.132
197.271
65.928
63.232
241.968
64.123
110.354
113.668
144.203
101.562
411.339
102.362
148.773
158.89
137.719
64.965
101.691
125.117
286.577
63.838
112.519
94.021
70.59
64.646
101.158
122.971
669.863
66.075
66.105
106.439
184.123
322.998
215.7
105.553
181.132
295.903
91.203
73.864
99.167
116.956
66.761
89.683
136.115
177.773
143.053
205.116
117.435
143.984
65.155
64.067
99.477
63.783
63.978
104.182
642.032
132.017
64.24
446.473
239.977
146.391
92.878
135.834
124.968
132.456
65.483
116.152
83.986
213.139
135.056
63.933
178.235
65.692
210.694
81.871
163.757
134.483
96.452
131.935
118.389
127.381
153.417
87.894
104.402
82.032
111.989
83.402
106.588
83.83
90.831
136.678
114.669
91.803
155.606
518.89
122.259
229.641
68.404
65.451
111.697
113.215
139.642
129.644
103.75
194.059
142.134
82.609
105.816
111.568
882.877
125.621
87.615
108.863
206.851
125.979
155.491
134.676
631.495
210.084
143.4
128.065
341.6
159.901
125.459
120.409
112.3
64.811
177.909
122.901
212.213
137.801
593.689
135.252
169.031
121.961
134.263
95.304
63.248
97.762
128.951
127.961
84.876
149.404
155.694
151.823
222.87
146.42
168.857
64.828
64.726
119.827
98.031
65.392
63.64
65.275
63.677
375.544
91.375
110.998
64.067
145.013
193.557
65.505
86.431
147.975
274.742
169.515
110.52
121.013
109.834
83.297
268.404
74.737
155.071
214.554
66.579
179.383
139.626
196.349
68.695
116.16
96.169
63.807
274.224
100.214
346.31
64.034
95.341
63.85
170.202
162.171
64.207
248.813
98.65
235.665
230.117
161.188
150.483
115.45
64.348
63.373
127.505
107.761
171.665
66.511
125.542
108.437
86.744
69.084
106.171
115.379
273.42
63.581
84.697
98.607
63.633
135.312
103.136
80.491
102.247
64.279
114.079
158.463
104.908
149.435
182.112
64.81
63.242
153.433
84.712
147.154
201.015
479.664
91.692
195.002
164.669
65.139
179.42
64.173
81.485
64.251
68.982
103.514
131.057
119.792
167.101
65.338
121.454
107.426
94.303
216.282
64.33
64.65
108.245
207.885
99.909
65.209
64.902
139.708
317.499
62.935
65.179
90.569
131.347
118.002
93.737
182.731
112.789
95.463
151.062
116.194
167.67
143.6
63.476
99.415
67.234
106.957
64.107
604.012
103.583
291.932
134.457
63.166
76.011
262.873
66.268
68.236
178.839
66.243
166.688
172.122
81.21
174.003
284.808
300.945
897.459
101.614
63.589
167.083
142.093
200.462
192.79
111.374
442.577
64.101
96.193
173.35
279.668
131.388
168.205
117.668
95.569
88.02
94.969
263.003
66.323
207.698
91.002
577.514
63.102
86.031
106.175
92.159
190.914
809.721
94.511
192.597
157.803
389.629
145.483
118.265
142.83
196.207
245.636
378.493
936.721
124.406
89.55
316.246
72.926
204.143
73.579
183.383
102.44
413.907
126.405
63.696
252.872
128.46
63.798
102.219
117.096
94.528
64.275
203.756
153.756
101.212
98.151
201.758
64.87
148.659
264.452
384.595
92.361
104.973
65.602
181.016
63.603
215.141
141.702
123.385
94.147
129.809
65.87
63.935
102.484
134.781
90.89
63.304
125.995
118.588
226.957
209.915
257.788
265.543
186.339
89.568
66.057
214.443
63.994
82.884
64.805
573.407
94.756
188.492
67.72
278.468
164.905
127.753
64.325
242.12
125.268
92.651
203.123
97.118
139.898
104.307
90.322
91.221
90.287
131.987
69.784
101.296
93.834
203.53
416.448
121.638
166.8
64.41
92.478
65.914
64.805
90.002
148.996
63.229
105.918
95.357
63.894
287.067
334.322
65.997
64.025
218.217
86.783
777.59
136.658
82.6
428.513
65.919
143.081
138.996
90.229
99.892
101.147
994.877
112.76
391.824
63.513
139.197
85.752
96.898
129.206
204.528
64.286
95.37
94.272
133.357
87.902
82.895
85.583
217.116
63.247
154.907
161.225
64.643
125.337
147.521
94.129
104.234
67.373
64.547
63.81
64.611
80.625
65.62
110.304
117.98
128.721
102.805
129.412
128.197
84.234
86.512
142.244
92.73
180.092
98.821
128.817
96.976
64.684
192.315
65.128
109.851
121.84
81.552
216.227
90.384
63.377
102.99
88.407
82.27
98.269
161.733
213.955
65.04
64.926
784.449
134.913
85.869
63.812
110.013
85.682
141.584
89.963
496.945
239.348
95.087
242.226
93.562
64.627
238.415
111.165
63.801
92.858
67.258
63.999
507.672
176.429
148.002
133.833
211.736
86.403
117.539
65.211
623.009
66.093
114.047
110.763
88.114
63.092
223.228
146.652
112.87
213.611
64.018
77.347
116.429
216.876
99.735
64.227
164.333
92.637
64.664
98.64
63.639
184.264
365.983
220.17
139.394
65.632
254.22
101.399
328.92
67.645
63.316
66.462
63.721
65.935
173.556
64.157
73.34
192.79
63.249
87.217
65.913
112.343
106.082
152.987
145.065
109.79
125.798
141.521
131.791
67.153
93.718
143.84
92.196
775.323
963.969
437.898
159.855
84.57
274.598
64.822
103.059
115.286
101.709
98.464
88.693
99.277
104.121
120.155
104.053
561.101
64.426
64.894
664.05
132.209
722.646
272.302
67.872
112.398
83.897
69.117
130.692
101.069
99.249
63.545
118.473
224.285
222.235
81.333
82.456
172.101
101.534
82.592
198.328
64.739
182.083
113.721
95.245
125.327
149.874
86.414
129.335
65.309
106.039
452.587
192.088
67.309
774.666
201.709
155.391
65.573
92.964
185.272
64.629
85.416
63.68
223.714
238.684
265.721
100.567
122.284
66.156
387.231
63.988
120.436
442.125
150.477
197.399
86.261
178.696
134.963
117.546
89.658
66.869
162.242
118.101
82.721
64.052
63.096
144.614
66.186
65.175
143.213
246.409
771.633
135.589
176.631
119.396
74.309
459.256
133.678
154.7
386.476
105.79
215.434
176.613
100.849
63.801
107.229
127.0
97.5
117.856
166.787
124.053
202.779
63.631
66.52
191.07
561.919
250.439
152.514
65.239
73.29
143.446
207.831
155.025
175.581
197.544
582.273
122.199
65.557
64.101
231.143
124.221
181.974
158.079
137.921
172.144
116.699
116.434
129.531
97.365
105.283
169.21
171.015
176.714
212.976
72.641
63.329
103.649
179.001
102.993
214.124
138.046
202.588
63.664
109.008
145.739
137.822
66.245
93.147
522.417
106.439
113.748
141.719
64.119
204.351
172.825
122.693
136.459
65.379
414.62
143.433
126.891
63.091
115.407
65.376
129.734
146.905
63.465
67.418
147.069
98.113
752.219
223.916
82.313
112.007
118.503
134.842
155.616
196.661
128.413
91.326
65.396
85.551
123.851
77.536
83.947
596.888
64.572
66.113
206.54
111.866
64.224
65.657
65.241
114.4
21.564
126.019
87.872
471.351
68.438
84.902
95.429
65.849
204.682
176.39
83.906
117.562
117.901
118.887
102.71
66.82
63.638
63.843
136.396
100.086
88.798
66.787
63.974
65.195
66.205
251.581
112.3
106.653
116.326
113.379
107.234
129.151
123.766
64.092
98.872
68.935
145.769
116.305
64.655
312.991
171.585
114.556
114.206
211.554
95.121
169.926
109.751
187.797
143.961
315.7
165.757
121.709
144.989
140.502
171.261
171.424
428.526
124.453
64.459
65.686
69.768
65.587
64.828
63.73
69.229
94.239
153.048
245.991
248.718
223.444
129.951
65.3
126.989
95.922
855.124
121.017
131.637
91.265
101.022
569.052
147.875
235.482
97.372
166.207
63.817
117.328
63.462
117.977
86.132
64.653
64.718
214.007
503.86
96.168
219.903
111.532
227.949
86.526
63.908
210.693
142.331
225.974
943.923
324.802
192.428
152.236
176.273
66.452
291.777
63.475
127.873
453.409
65.725
205.742
111.53
64.524
518.741
65.187
142.321
124.063
150.45
106.714
547.183
111.259
150.629
207.842
93.551
119.695
156.18
66.079
88.624
123.794
90.807
88.506
83.508
93.691
82.942
114.479
144.84
174.954
120.155
92.052
70.169
190.461
87.118
98.198
85.682
66.234
116.291
105.012
65.449
96.636
681.808
135.039
86.646
109.662
147.452
483.342
145.243
101.477
153.671
84.642
217.742
120.812
95.948
102.427
64.766
136.471
272.97
177.88
65.745
125.024
87.377
97.428
64.73
275.535
145.688
187.804
187.153
63.308
212.259
165.432
543.899
69.541
81.984
123.05
80.254
63.502
94.35
64.148
74.065
292.946
120.944
63.146
101.581
455.235
226.979
65.081
63.671
69.986
64.558
374.296
63.262
232.173
119.993
195.563
119.403
80.959
111.963
228.202
168.528
100.457
131.994
90.279
90.776
118.629
133.186
172.834
93.897
168.024
82.413
64.868
166.07
233.484
86.807
359.135
64.965
112.012
313.306
115.952
100.842
92.177
638.353
122.001
65.047
64.906
65.06
91.292
66.076
94.78
64.009
546.0
125.293
354.914
83.633
65.075
65.809
92.705
183.686
115.023
91.427
77.591
62.762
344.488
238.804
604.843
65.361
188.582
185.944
64.284
147.611
833.653
182.398
140.024
154.677
63.525
892.536
113.409
101.4
137.301
91.905
167.123
63.967
84.608
124.674
82.163
99.19
875.639
66.648
153.552
114.863
143.836
65.805
94.352
112.832
120.008
66.886
65.077
94.344
478.917
416.217
63.726
64.695
98.619
181.193
83.235
102.109
222.135
153.32
118.604
128.46
349.676
188.959
68.422
374.843
94.996
64.226
548.102
641.172
91.997
125.922
140.304
65.741
98.465
102.307
511.643
161.515
129.613
131.531
126.113
96.829
265.262
120.226
119.779
135.887
68.871
216.887
64.124
160.825
135.059
118.549
148.852
114.243
65.252
65.845
98.305
63.313
934.657
117.829
242.826
64.833
84.678
286.627
69.461
435.788
159.858
77.611
96.334
94.285
85.917
135.833
199.954
63.972
94.515
94.407
144.345
63.621
108.335
129.687
567.76
65.829
185.491
94.803
138.657
65.873
64.325
148.892
185.89
92.866
97.365
364.216
118.157
70.522
213.449
89.337
66.195
242.479
210.496
712.838
65.271
208.81
89.101
86.043
67.271
68.876
117.879
100.324
372.85
64.854
168.312
64.13
88.712
64.904
89.22
62.989
64.6
742.519
64.913
256.066
223.257
89.558
90.911
84.058
65.438
221.669
64.357
134.998
94.408
144.943
125.98
89.849
117.589
64.735
101.551
98.34
146.125
354.953
184.403
122.516
103.928
184.799
88.259
308.765
63.549
101.398
147.989
97.188
124.47
64.364
98.048
64.855
159.373
143.405
189.835
91.742
192.597
156.551
64.674
122.662
151.63
271.127
594.579
107.608
125.277
63.641
133.726
129.848
84.246
663.991
66.0
126.487
66.476
138.184
126.769
456.194
124.874
103.082
63.609
97.433
81.852
146.703
94.1
91.386
89.356
68.69
176.209
139.826
62.988
89.564
148.239
63.74
200.109
144.051
128.168
70.696
113.953
108.94
164.668
124.84
81.131
261.494
89.727
64.876
157.067
489.359
337.285
64.707
126.658
64.451
64.089
66.595
64.083
129.191
64.449
106.217
159.264
63.109
63.761
391.026
66.403
104.611
94.688
69.598
84.202
79.001
351.759
498.616
68.255
85.692
65.466
95.548
134.623
159.292
118.629
240.853
186.189
63.813
135.454
75.138
89.791
111.316
65.425
245.141
161.919
85.656
172.124
81.357
69.339
147.297
118.663
240.558
140.635
331.397
131.339
121.828
104.641
114.474
230.856
147.369
65.098
262.33
64.465
116.965
277.598
195.837
131.157
127.533
229.796
145.929
574.714
114.926
217.81
118.586
63.594
64.825
193.427
238.619
63.335
117.233
106.393
82.996
63.559
125.321
63.879
126.493
115.414
90.206
261.381
160.943
166.376
165.418
252.674
320.019
218.984
116.773
62.898
329.088
63.587
65.666
573.557
91.563
64.599
87.078
64.111
208.124
63.212
66.085
827.465
117.941
196.828
121.64
119.267
64.583
91.447
64.758
88.927
101.285
251.419
97.339
119.851
73.356
211.341
119.572
65.871
65.264
229.275
97.592
117.363
64.325
750.181
764.172
135.241
97.102
68.912
63.875
285.689
108.216
111.815
68.992
120.418
97.489
133.195
105.115
163.459
175.201
65.384
266.772
63.705
83.167
195.746
81.942
144.488
189.656
68.692
113.658
63.137
231.071
147.953
69.325
68.605
95.573
158.333
96.413
81.008
112.548
63.107
128.652
134.353
161.62
98.284
143.694
603.248
145.59
64.363
132.225
189.89
104.347
86.032
99.883
64.299
104.776
71.083
127.03
63.779
354.984
84.12
79.27
222.927
63.597
177.108
71.798
158.239
63.48
100.149
183.566
65.084
136.538
149.204
66.417
100.696
118.203
64.938
99.883
89.226
229.205
122.474
94.818
64.674
97.929
185.306
131.74
150.947
62.986
123.892
64.915
138.327
798.267
386.485
176.134
161.65
239.212
91.935
64.35
229.29
63.877
160.144
161.653
142.835
63.991
96.954
137.698
125.204
63.717
124.271
65.567
116.277
70.186
63.054
195.626
303.666
229.635
65.038
64.272
841.541
180.565
97.914
175.977
843.665
100.547
103.828
176.941
67.838
156.397
87.818
64.044
234.249
97.468
128.592
159.507
131.076
127.964
186.849
65.023
63.771
161.416
164.344
67.435
209.747
67.747
256.871
96.888
157.679
197.605
159.418
154.822
184.17
63.17
125.176
66.294
67.247
125.071
406.129
67.145
208.619
62.379
99.494
120.321
248.126
98.896
256.104
244.796
91.065
66.145
65.41
211.617
266.918
120.247
207.746
112.062
107.821
267.379
65.043
101.898
138.223
87.168
141.924
64.225
141.379
141.934
227.687
161.477
136.554
127.164
96.152
184.025
154.976
161.672
69.157
137.215
331.617
99.889
217.916
63.215
64.918
109.124
45.331
113.049
338.491
96.666
346.36
98.033
97.695
125.783
112.24
64.521
65.95
133.982
83.934
107.339
158.391
64.574
113.113
135.773
64.757
172.973
64.054
157.597
82.973
112.307
113.643
156.693
176.423
2.0
141.023
66.542
108.423
92.33
84.356
203.159
93.483
80.999
106.077
186.596
568.625
67.228
115.845
63.41
87.053
381.434
406.0
246.577
245.607
227.009
135.15
137.869
140.777
91.224
121.562
96.263
105.004
115.646
159.346
927.76
65.569
141.047
129.949
146.778
128.736
78.38
904.382
63.545
84.732
129.234
181.642
115.588
316.791
90.095
65.009
164.945
95.561
65.138
173.991
253.654
66.676
111.576
117.16
100.42
660.912
66.354
65.591
133.19
64.784
65.211
167.777
195.968
314.141
166.021
205.786
128.335
126.136
63.482
295.355
131.355
97.689
65.053
124.986
149.243
64.821
137.242
116.505
155.836
70.794
115.108
89.092
226.464
102.507
115.77
106.821
159.328
64.091
64.744
163.512
64.868
111.466
156.602
64.427
172.091
64.633
205.612
64.101
147.495
64.8
63.516
63.901
233.592
199.793
148.051
143.898
63.859
103.754
66.14
64.052
92.117
205.886
179.76
96.477
87.644
120.005
166.82
122.571
97.245
90.977
176.529
63.745
63.45
303.695
162.27
103.044
142.684
267.641
177.948
123.818
65.74
113.642
66.37
225.162
223.405
100.511
65.48
227.887
63.529
140.075
146.95
88.443
102.491
69.712
107.425
138.256
88.668
157.733
505.057
120.656
65.096
65.569
429.683
89.319
168.108
62.961
135.795
140.671
805.494
136.433
63.699
93.309
105.771
139.704
212.046
159.069
124.848
66.185
97.908
99.334
160.19
112.834
73.232
143.06
124.158
119.64
180.637
65.193
71.609
143.407
565.061
199.663
97.547
378.316
113.186
96.214
161.556
324.602
233.8
95.73
96.047
184.541
104.182
186.068
149.857
63.824
572.204
115.039
94.042
176.389
49.368
97.909
95.44
118.401
157.724
66.712
64.732
118.058
64.657
159.936
64.716
64.865
185.56
67.563
157.079
343.811
199.103
122.61
178.182
106.907
175.138
203.655
162.522
154.275
63.568
129.295
66.482
63.924
476.883
131.399
294.592
124.822
143.324
65.466
93.037
87.891
172.109
203.874
63.772
288.809
161.301
124.935
160.166
243.604
184.1
939.612
112.604
64.36
315.485
164.178
87.02
64.286
171.625
63.819
64.236
106.898
950.21
155.305
74.229
63.831
102.858
150.686
63.801
117.695
151.321
822.083
207.926
160.416
100.203
64.035
101.84
120.985
90.614
343.22
149.667
106.835
144.306
110.558
162.602
171.237
124.226
144.578
63.377
97.034
973.952
108.857
65.478
66.032
131.423
70.682
88.298
164.837
84.04
118.588
177.989
216.224
110.827
221.668
333.359
120.404
72.58
140.94
84.004
466.333
156.708
191.248
121.492
62.836
144.168
136.614
65.157
66.018
90.03
89.972
193.523
63.271
174.104
102.924
133.025
103.678
101.324
147.808
646.167
94.575
94.746
170.81
148.469
108.268
146.792
64.613
65.031
102.869
148.44
135.058
12.787
66.085
69.572
68.119
182.01
209.301
269.827
148.101
378.789
114.915
107.207
120.565
91.699
753.095
66.542
135.526
106.049
128.964
64.508
173.15
189.613
118.828
150.208
142.363
106.361
145.742
145.952
82.963
98.302
65.679
177.906
71.545
65.48
821.456
212.214
130.94
80.719
64.554
63.122
107.849
65.202
115.675
354.41
140.568
173.799
106.051
92.627
272.457
101.206
65.389
96.517
65.648
176.989
184.686
141.71
126.415
108.79
63.59
159.321
204.276
111.53
125.018
97.25
419.968
64.405
97.591
109.368
760.793
67.589
261.932
141.539
162.293
65.911
65.834
152.748
510.867
120.034
80.927
273.026
105.683
133.708
63.375
69.526
63.505
139.686
147.266
65.835
144.002
144.671
64.944
70.169
88.18
89.162
92.673
111.511
65.287
957.979
67.357
195.569
169.992
115.106
8.839
287.537
152.378
126.257
92.325
263.975
331.372
155.858
64.457
150.737
64.655
65.531
152.434
184.446
227.021
123.423
63.164
112.243
66.434
99.683
66.355
99.19
764.112
172.473
75.247
135.732
65.892
66.196
80.326
127.741
189.933
65.734
239.544
65.018
136.411
99.919
111.798
100.103
202.264
121.735
142.523
89.394
132.522
64.036
64.352
102.09
88.679
210.9
96.904
115.857
90.351
108.97
157.304
135.774
64.864
113.56
845.631
174.194
92.388
66.247
146.098
65.551
156.473
90.793
90.252
214.646
131.23
130.572
165.46
146.504
796.238
211.117
368.204
77.596
230.574
164.327
557.961
470.881
225.6
131.057
64.024
136.656
202.107
64.885
101.133
94.303
97.478
88.651
96.56
65.458
243.727
63.548
160.26
115.762
160.008
100.142
365.453
63.813
118.734
64.539
151.458
122.364
67.71
63.565
115.996
111.656
64.509
150.131
64.641
93.687
64.871
312.157
138.253
168.411
63.767
65.566
143.714
101.176
123.485
102.616
450.58
220.531
65.088
91.965
91.452
87.852
64.539
64.227
104.385
124.409
437.065
182.528
167.879
65.075
166.836
64.833
350.434
167.258
66.015
105.433
473.975
307.508
151.791
151.272
69.854
64.478
159.127
184.808
111.389
219.674
84.386
69.775
715.268
66.848
130.768
128.746
357.617
65.72
215.84
88.666
886.649
73.504
772.314
328.553
129.545
63.815
170.974
580.083
94.117
342.822
128.327
121.991
153.19
131.132
67.569
156.821
66.677
76.476
64.157
82.607
64.453
106.099
876.496
374.76
66.431
86.982
180.993
63.694
141.51
63.305
158.088
64.602
63.846
163.547
64.323
113.859
175.398
63.237
145.229
64.77
63.793
65.096
63.983
96.077
76.319
93.519
70.736
214.429
168.613
64.158
164.822
95.78
159.649
231.362
96.402
127.304
823.721
115.436
63.43
131.336
160.411
65.917
108.867
64.33
87.389
65.685
65.445
317.257
608.833
166.7
90.996
120.695
134.853
107.58
94.35
66.823
281.5
742.556
68.598
579.168
212.138
95.272
91.567
97.835
314.596
102.336
64.56
88.443
233.643
63.722
249.651
203.622
136.794
130.894
139.713
84.603
465.158
558.941
66.537
97.604
88.753
122.719
491.194
94.118
64.152
73.827
117.825
128.483
173.256
154.156
167.32
65.669
128.016
63.664
63.539
189.126
268.763
123.833
65.928
199.317
125.321
64.274
113.624
115.49
99.376
201.235
749.803
91.92
78.744
144.656
64.832
121.247
63.964
163.04
131.515
63.976
64.029
205.32
368.264
492.931
117.362
283.344
66.051
130.31
159.861
95.38
99.451
64.528
167.857
139.284
69.466
287.93
211.753
66.274
229.345
136.963
172.1
155.124
282.652
150.104
174.645
65.926
156.704
63.337
123.857
102.248
90.147
401.256
64.362
94.59
103.575
400.17
102.435
140.227
816.376
123.493
254.721
161.145
63.711
64.886
191.276
63.921
103.355
200.087
69.072
84.223
94.693
140.792
308.478
141.543
100.874
100.953
175.568
90.768
96.919
171.535
136.115
102.587
93.908
63.365
69.346
282.933
104.748
65.586
153.697
141.052
93.813
108.689
99.974
99.291
132.133
65.341
64.697
862.237
102.113
252.833
148.456
974.354
379.859
215.435
119.836
183.275
94.568
377.519
65.582
64.665
84.888
67.801
132.161
121.16
88.866
154.705
81.735
205.136
63.745
124.236
92.773
90.956
118.875
144.191
114.438
99.846
78.789
145.847
98.234
132.127
116.813
153.802
207.669
66.773
63.581
85.977
88.491
167.404
122.97
64.697
63.483
64.887
358.371
113.365
165.932
382.301
135.211
366.669
273.583
150.963
141.252
68.424
69.505
130.927
111.855
257.475
134.488
159.539
102.555
130.393
155.148
65.039
126.212
201.228
101.304
172.837
62.647
63.547
201.069
200.094
110.145
160.144
66.969
123.728
131.83
128.983
64.863
192.601
109.492
186.193
650.012
65.501
67.044
132.012
69.398
91.827
100.032
125.407
107.603
424.638
113.703
64.509
168.22
82.745
90.996
99.61
70.574
92.797
170.447
63.356
326.464
517.682
110.66
126.022
134.12
124.354
412.099
92.683
69.353
70.708
180.366
73.487
172.133
65.369
233.343
148.697
152.444
231.589
81.625
148.759
63.921
92.456
97.186
152.368
987.584
93.961
140.377
116.151
66.294
93.002
64.275
441.859
263.423
133.243
181.825
82.212
105.834
148.316
189.76
19.22
66.539
163.428
64.593
63.055
109.351
275.344
63.148
648.581
88.117
319.74
66.272
164.809
182.665
223.123
128.243
337.893
235.07
134.072
95.637
64.534
94.513
88.993
63.431
85.339
189.499
165.232
324.003
164.495
123.024
95.726
428.849
213.158
959.898
104.609
335.635
169.735
127.281
65.513
209.145
105.154
305.32
110.04
149.851
63.601
252.244
138.945
171.947
142.365
126.157
229.613
103.955
104.59
130.54
169.531
99.092
96.736
64.786
64.054
178.999
65.305
205.028
67.737
296.799
274.958
183.636
64.593
410.868
65.749
116.018
185.352
107.5
720.761
137.808
145.785
107.306
64.725
177.8
175.638
66.22
