ex_time
1.0
1.0
1.0
1.0
1.0
1.0
1.0
1.0
1.0
1.0
1.0
1.0
1.0
1.0
1.0
1.0
1.0
1.0
1.0
1.0
1.0
1.0
1.0
1.0
1.0
1.0
1.0
1.0
1.0
1.0
1.0
1.0
1.0
1.0
1.0
1.0
1.0
1.0
1.0
1.0
1.0
1.0
1.0
1.0
1.0
1.0
1.0
1.0
1.0
1.0
1.0
1.0
1.0
1.0
1.0
1.0
1.0
1.0
1.0
1.0
20.066666666666666
20.066666666666666
20.066666666666666
20.066666666666666
20.066666666666666
20.097560975609756
20.097560975609756
20.097560975609756
20.097560975609756
20.097560975609756
20.097560975609756
20.097560975609756
20.097560975609756
20.097560975609756
20.097560975609756
20.097560975609756
20.097560975609756
20.097560975609756
21.6
21.6
21.6
21.6
21.6
21.6
20.097560975609756
20.097560975609756
20.097560975609756
20.097560975609756
21.6
20.086004394507015
20.097560975609756
20.097560975609756
20.097560975609756
21.6
21.6
20.097560975609756
20.097560975609756
20.097560975609756
20.097560975609756
20.097560975609756
20.097560975609756
20.097560975609756
20.097560975609756
20.097560975609756
20.097560975609756
20.097560975609756
20.097560975609756
20.097560975609756
20.097560975609756
20.097560975609756
20.097560975609756
21.6
20.066666666666666
20.097560975609756
21.6
20.097560975609756
20.097560975609756
20.097560975609756
21.6
20.097560975609756
8995.176923076922
9023.935196102213
9005.742857142857
8995.176923076922
8962.8
8962.8
9041.12
9041.12
9005.742857142857
9041.12
9005.742857142857
9023.935196102213
9041.12
8995.176923076922
8995.176923076922
9041.12
9033.385176393565
8995.176923076922
8995.176923076922
8995.176923076922
8995.176923076922
9033.385176393565
9033.385176393565
8995.176923076922
8995.176923076922
9041.12
8995.176923076922
8995.176923076922
9041.12
9005.742857142857
8995.176923076922
8962.8
9041.12
8995.176923076922
9041.12
9005.742857142857
9023.935196102213
8995.176923076922
9041.12
9005.742857142857
9041.12
8995.176923076922
9041.12
8995.176923076922
8962.8
8962.8
9041.12
8995.176923076922
8995.176923076922
8995.176923076922
8995.176923076922
8995.176923076922
8995.176923076922
8995.176923076922
9041.12
9023.935196102213
8995.176923076922
8995.176923076922
9005.742857142857
9041.12
62.2
43.215384615384615
43.215384615384615
43.215384615384615
43.215384615384615
43.215384615384615
43.215384615384615
43.215384615384615
71.02857142857142
75.45713343625816
40.7
62.2
43.215384615384615
43.215384615384615
62.2
43.215384615384615
43.215384615384615
43.215384615384615
71.02857142857142
40.7
75.45713343625816
40.7
62.2
43.215384615384615
43.215384615384615
62.2
62.2
43.215384615384615
71.02857142857142
71.02857142857142
40.7
62.2
43.215384615384615
43.215384615384615
45.12466778161724
62.2
43.215384615384615
43.215384615384615
45.12466778161724
43.215384615384615
62.2
43.215384615384615
61.59000017524391
62.2
43.215384615384615
71.02857142857142
71.02857142857142
40.7
47.07638666987924
71.02857142857142
40.7
47.07638666987924
62.2
43.215384615384615
43.215384615384615
62.2
43.215384615384615
61.59000017524391
43.215384615384615
62.2
173.63333333333333
173.63333333333333
173.63333333333333
173.63333333333333
173.63333333333333
173.63333333333333
173.63333333333333
173.63333333333333
173.63333333333333
173.63333333333333
173.63333333333333
173.63333333333333
173.63333333333333
173.63333333333333
173.63333333333333
173.63333333333333
173.63333333333333
173.63333333333333
173.63333333333333
173.63333333333333
173.63333333333333
173.63333333333333
173.63333333333333
173.63333333333333
173.63333333333333
173.63333333333333
173.63333333333333
173.63333333333333
173.63333333333333
173.63333333333333
173.63333333333333
173.63333333333333
173.63333333333333
173.63333333333333
173.63333333333333
173.63333333333333
173.63333333333333
173.63333333333333
173.63333333333333
173.63333333333333
173.63333333333333
173.63333333333333
173.63333333333333
173.63333333333333
173.63333333333333
173.63333333333333
173.63333333333333
173.63333333333333
173.63333333333333
173.63333333333333
173.63333333333333
173.63333333333333
173.63333333333333
173.63333333333333
173.63333333333333
173.63333333333333
173.63333333333333
173.63333333333333
173.63333333333333
173.63333333333333
5.346666666666667
5.346666666666667
5.346666666666667
5.346666666666667
5.346666666666667
5.346666666666667
5.346666666666667
5.346666666666667
5.346666666666667
5.346666666666667
5.346666666666667
5.346666666666667
5.346666666666667
5.346666666666667
5.346666666666667
5.346666666666667
5.346666666666667
5.346666666666667
5.346666666666667
5.346666666666667
5.346666666666667
5.346666666666667
5.346666666666667
5.346666666666667
5.346666666666667
5.346666666666667
5.346666666666667
5.346666666666667
5.346666666666667
5.346666666666667
5.346666666666667
5.346666666666667
5.346666666666667
5.346666666666667
5.346666666666667
5.346666666666667
5.346666666666667
5.346666666666667
5.346666666666667
5.346666666666667
5.346666666666667
5.346666666666667
5.346666666666667
5.346666666666667
5.346666666666667
5.346666666666667
5.346666666666667
5.346666666666667
5.346666666666667
5.346666666666667
5.346666666666667
5.346666666666667
5.346666666666667
5.346666666666667
5.346666666666667
5.346666666666667
5.346666666666667
5.346666666666667
5.346666666666667
5.346666666666667
167.97
167.97
167.97
167.97
167.97
167.97
167.97
167.97
167.97
167.97
167.97
167.97
167.97
167.97
167.97
167.97
167.97
167.97
167.97
167.97
167.97
167.97
167.97
167.97
167.97
167.97
167.97
167.97
167.97
167.97
167.97
167.97
167.97
167.97
167.97
167.97
167.97
167.97
167.97
167.97
167.97
167.97
167.97
167.97
167.97
167.97
167.97
167.97
167.97
167.97
167.97
167.97
167.97
167.97
167.97
167.97
167.97
167.97
167.97
167.97
179.70344827586206
176.53684210526316
179.70344827586206
176.35555555555555
179.70344827586206
176.53684210526316
179.70344827586206
176.32790769377843
179.70344827586206
179.70344827586206
179.70344827586206
179.70344827586206
179.70344827586206
179.70344827586206
179.70344827586206
179.70344827586206
179.70344827586206
179.70344827586206
179.70344827586206
179.70344827586206
179.70344827586206
179.70344827586206
179.70344827586206
179.70344827586206
179.70344827586206
179.70344827586206
179.70344827586206
179.70344827586206
179.70344827586206
179.70344827586206
176.53684210526316
176.53684210526316
176.53684210526316
176.53684210526316
176.53684210526316
176.53684210526316
176.53684210526316
176.53684210526316
176.53684210526316
176.53684210526316
179.37160206218843
179.70344827586206
179.70344827586206
176.53684210526316
176.53684210526316
179.70344827586206
176.32790769377843
176.53684210526316
176.35555555555555
176.35555555555555
176.35555555555555
176.35555555555555
176.35555555555555
176.35555555555555
176.35555555555555
176.35555555555555
176.53684210526316
176.53684210526316
176.53684210526316
176.53684210526316
5429.486666666667
5429.486666666667
5429.486666666667
5429.486666666667
5429.486666666667
5429.486666666667
5429.486666666667
5429.486666666667
5429.486666666667
5429.486666666667
5429.486666666667
5429.486666666667
5429.486666666667
5429.486666666667
5429.486666666667
5429.486666666667
5429.486666666667
5429.486666666667
5429.486666666667
5429.486666666667
5429.486666666667
5429.486666666667
5429.486666666667
5429.486666666667
5429.486666666667
5429.486666666667
5429.486666666667
5429.486666666667
5429.486666666667
5429.486666666667
5429.486666666667
5429.486666666667
5429.486666666667
5429.486666666667
5429.486666666667
5429.486666666667
5429.486666666667
5429.486666666667
5429.486666666667
5429.486666666667
5429.486666666667
5429.486666666667
5429.486666666667
5429.486666666667
5429.486666666667
5429.486666666667
5429.486666666667
5429.486666666667
5429.486666666667
5429.486666666667
5429.486666666667
5429.486666666667
5429.486666666667
5429.486666666667
5429.486666666667
5429.486666666667
5429.486666666667
5429.486666666667
5429.486666666667
5429.486666666667
1.0
1.0
1.0
1.0
1.0
1.0
1.0
1.0
1.0
1.0
1.0
1.0
1.0
1.0
1.0
1.0
1.0
1.0
1.0
1.0
1.0
1.0
1.0
1.0
1.0
1.0
1.0
1.0
1.0
1.0
1.0
1.0
1.0
1.0
1.0
1.0
1.0
1.0
1.0
1.0
1.0
1.0
1.0
1.0
1.0
1.0
1.0
1.0
1.0
1.0
1.0
1.0
1.0
1.0
1.0
1.0
1.0
1.0
1.0
1.0
20.228571428571428
20.323076923076922
20.323076923076922
20.228571428571428
20.323076923076922
20.323076923076922
20.323076923076922
20.323076923076922
20.323076923076922
20.323076923076922
20.323076923076922
20.323076923076922
20.323076923076922
20.323076923076922
20.323076923076922
20.323076923076922
20.228571428571428
20.323076923076922
20.323076923076922
20.228571428571428
20.228571428571428
20.228571428571428
20.228571428571428
20.228571428571428
20.228571428571428
20.228571428571428
20.228571428571428
20.228571428571428
20.228571428571428
20.323076923076922
20.323076923076922
20.323076923076922
20.228571428571428
20.323076923076922
20.323076923076922
20.228571428571428
20.228571428571428
20.323076923076922
20.323076923076922
20.323076923076922
20.323076923076922
20.228571428571428
20.323076923076922
20.323076923076922
20.323076923076922
20.323076923076922
20.323076923076922
20.323076923076922
20.323076923076922
20.323076923076922
20.228571428571428
20.323076923076922
20.323076923076922
20.323076923076922
20.323076923076922
20.323076923076922
20.323076923076922
20.228571428571428
20.228571428571428
20.228571428571428
1.0
1.0
1.0
1.0
1.0
1.0
1.0
1.0
1.0
1.0
1.0
1.0
1.0
1.0
1.0
1.0
1.0
1.0
1.0
1.0
1.0
1.0
1.0
1.0
1.0
1.0
1.0
1.0
1.0
1.0
1.0
1.0
1.0
1.0
1.0
1.0
1.0
1.0
1.0
1.0
1.0
1.0
1.0
1.0
1.0
1.0
1.0
1.0
1.0
1.0
1.0
1.0
1.0
1.0
1.0
1.0
1.0
1.0
1.0
1.0
319.1166666666667
319.1166666666667
319.1166666666667
319.1166666666667
319.1166666666667
319.1166666666667
319.1166666666667
319.1166666666667
319.1166666666667
319.1166666666667
319.1166666666667
319.1166666666667
319.1166666666667
319.1166666666667
319.1166666666667
319.1166666666667
319.1166666666667
319.1166666666667
319.1166666666667
319.1166666666667
319.1166666666667
319.1166666666667
319.1166666666667
319.1166666666667
319.1166666666667
319.1166666666667
319.1166666666667
319.1166666666667
319.1166666666667
319.1166666666667
319.1166666666667
319.1166666666667
319.1166666666667
319.1166666666667
319.1166666666667
319.1166666666667
319.1166666666667
319.1166666666667
319.1166666666667
319.1166666666667
319.1166666666667
319.1166666666667
319.1166666666667
319.1166666666667
319.1166666666667
319.1166666666667
319.1166666666667
319.1166666666667
319.1166666666667
319.1166666666667
319.1166666666667
319.1166666666667
319.1166666666667
319.1166666666667
319.1166666666667
319.1166666666667
319.1166666666667
319.1166666666667
319.1166666666667
319.1166666666667
1529.9366666666667
1529.9366666666667
1529.9366666666667
1529.9366666666667
1529.9366666666667
1529.9366666666667
1529.9366666666667
1529.9366666666667
1529.9366666666667
1529.9366666666667
1529.9366666666667
1529.9366666666667
1529.9366666666667
1529.9366666666667
1529.9366666666667
1529.9366666666667
1529.9366666666667
1529.9366666666667
1529.9366666666667
1529.9366666666667
1529.9366666666667
1529.9366666666667
1529.9366666666667
1529.9366666666667
1529.9366666666667
1529.9366666666667
1529.9366666666667
1529.9366666666667
1529.9366666666667
1529.9366666666667
1529.9366666666667
1529.9366666666667
1529.9366666666667
1529.9366666666667
1529.9366666666667
1529.9366666666667
1529.9366666666667
1529.9366666666667
1529.9366666666667
1529.9366666666667
1529.9366666666667
1529.9366666666667
1529.9366666666667
1529.9366666666667
1529.9366666666667
1529.9366666666667
1529.9366666666667
1529.9366666666667
1529.9366666666667
1529.9366666666667
1529.9366666666667
1529.9366666666667
1529.9366666666667
1529.9366666666667
1529.9366666666667
1529.9366666666667
1529.9366666666667
1529.9366666666667
1529.9366666666667
1529.9366666666667
106.99333333333334
106.99333333333334
106.99333333333334
106.99333333333334
106.99333333333334
106.99333333333334
106.99333333333334
106.99333333333334
106.99333333333334
106.99333333333334
106.99333333333334
106.99333333333334
106.99333333333334
106.99333333333334
106.99333333333334
106.99333333333334
106.99333333333334
106.99333333333334
106.99333333333334
106.99333333333334
106.99333333333334
106.99333333333334
106.99333333333334
106.99333333333334
106.99333333333334
106.99333333333334
106.99333333333334
106.99333333333334
106.99333333333334
106.99333333333334
106.99333333333334
106.99333333333334
106.99333333333334
106.99333333333334
106.99333333333334
106.99333333333334
106.99333333333334
106.99333333333334
106.99333333333334
106.99333333333334
106.99333333333334
106.99333333333334
106.99333333333334
106.99333333333334
106.99333333333334
106.99333333333334
106.99333333333334
106.99333333333334
106.99333333333334
106.99333333333334
106.99333333333334
106.99333333333334
106.99333333333334
106.99333333333334
106.99333333333334
106.99333333333334
106.99333333333334
106.99333333333334
106.99333333333334
106.99333333333334
1.0
1.0
1.0
1.0
1.0
1.0
1.0
1.0
1.0
1.0
1.0
1.0
1.0
1.0
1.0
1.0
1.0
1.0
1.0
1.0
1.0
1.0
1.0
1.0
1.0
1.0
1.0
1.0
1.0
1.0
1.0
1.0
1.0
1.0
1.0
1.0
1.0
1.0
1.0
1.0
1.0
1.0
1.0
1.0
1.0
1.0
1.0
1.0
1.0
1.0
1.0
1.0
1.0
1.0
1.0
1.0
1.0
1.0
1.0
1.0
1.9
5.344444444444444
1.9
1.9
5.344444444444444
1.9
1.9
1.9
1.9
5.344444444444444
5.344444444444444
1.9
1.9
5.344444444444444
1.9
5.344444444444444
1.9
1.9
5.344444444444444
1.9
5.344444444444444
1.9
1.9
1.9
1.9
1.9
5.344444444444444
5.344444444444444
1.9
1.9
5.344444444444444
1.9
1.2816176267469002
1.9
5.344444444444444
1.9
1.9
1.9
1.9
1.9
5.344444444444444
1.9
5.344444444444444
1.9
1.9
1.9
1.9
1.9
1.9
5.344444444444444
1.9
5.344444444444444
5.344444444444444
1.2816176267469002
1.9
1.9
1.9
5.344444444444444
1.9
1.9
34.346666666666664
34.346666666666664
34.346666666666664
34.346666666666664
34.346666666666664
34.346666666666664
34.346666666666664
34.346666666666664
34.346666666666664
34.346666666666664
34.346666666666664
34.346666666666664
34.346666666666664
34.346666666666664
34.346666666666664
34.346666666666664
34.346666666666664
34.346666666666664
34.346666666666664
34.346666666666664
34.346666666666664
34.346666666666664
34.346666666666664
34.346666666666664
34.346666666666664
34.346666666666664
34.346666666666664
34.346666666666664
34.346666666666664
34.346666666666664
34.346666666666664
34.346666666666664
34.346666666666664
34.346666666666664
34.346666666666664
34.346666666666664
34.346666666666664
34.346666666666664
34.346666666666664
34.346666666666664
34.346666666666664
34.346666666666664
34.346666666666664
34.346666666666664
34.346666666666664
34.346666666666664
34.346666666666664
34.346666666666664
34.346666666666664
34.346666666666664
34.346666666666664
34.346666666666664
34.346666666666664
34.346666666666664
34.346666666666664
34.346666666666664
34.346666666666664
34.346666666666664
34.346666666666664
34.346666666666664
239.68
239.68
239.68
239.68
239.68
239.68
239.68
239.68
239.68
239.68
239.68
239.68
239.68
239.68
239.68
239.68
239.68
239.68
239.68
239.68
239.68
239.68
239.68
239.68
239.68
239.68
239.68
239.68
239.68
239.68
239.68
239.68
239.68
239.68
239.68
239.68
239.68
239.68
239.68
239.68
239.68
239.68
239.68
239.68
239.68
239.68
239.68
239.68
239.68
239.68
239.68
239.68
239.68
239.68
239.68
239.68
239.68
239.68
239.68
239.68
57.86
57.86
57.86
57.86
57.86
57.86
57.86
57.86
57.86
57.86
57.86
57.86
57.86
57.86
57.86
57.86
57.86
57.86
57.86
57.86
57.86
57.86
57.86
57.86
57.86
57.86
57.86
57.86
57.86
57.86
57.86
57.86
57.86
57.86
57.86
57.86
57.86
57.86
57.86
57.86
57.86
57.86
57.86
57.86
57.86
57.86
57.86
57.86
57.86
57.86
57.86
57.86
57.86
57.86
57.86
57.86
57.86
57.86
57.86
57.86
1032.0782608695652
1032.0782608695652
1032.0782608695652
1032.0782608695652
1032.0782608695652
1032.0782608695652
1040.3142857142857
1040.3142857142857
999.8285714285714
1636.8
1636.8
829.6285714285714
1636.8
1636.8
829.6285714285714
1032.0782608695652
999.8285714285714
1032.0782608695652
1040.3142857142857
1636.8
1636.8
2979.0611550960134
1636.8
1636.8
1636.8
829.6285714285714
829.6285714285714
1636.8
1636.8
1636.8
829.6285714285714
1032.0782608695652
1032.0782608695652
1040.3142857142857
1032.0782608695652
1040.3142857142857
1032.0782608695652
1040.3142857142857
1032.0782608695652
1636.8
829.6285714285714
1636.8
829.6285714285714
1636.8
1032.0782608695652
1032.0782608695652
1040.3142857142857
999.8285714285714
1032.0782608695652
999.8285714285714
1032.0782608695652
1032.0782608695652
999.8285714285714
999.8285714285714
1032.0782608695652
1032.0782608695652
1032.0782608695652
999.8285714285714
1032.0782608695652
1032.0782608695652
