ex_time
1.0
1.0
1.0
1.0
1.0
1.0
1.0
1.0
1.0
1.0
1.0
1.0
1.0
1.0
1.0
1.0
1.0
1.0
1.0
1.0
1.0
1.0
1.0
1.0
1.0
1.0
1.0
1.0
1.0
1.0
1.0
1.0
1.0
1.0
1.0
1.0
1.0
1.0
1.0
1.0
1.0
1.0
1.0
1.0
1.0
1.0
1.0
1.0
1.0
1.0
1.0
1.0
1.0
1.0
1.0
1.0
1.0
1.0
1.0
1.0
22.0
20.0
19.6
19.6
19.6
19.8
19.8
36.4
19.6
19.6
19.6
19.8
19.6
19.6
19.6
19.6
19.6
19.8
24.0
20.0
20.2
20.0
20.2
20.0
20.0
20.0
20.0
20.0
20.0
20.0
20.0
19.6
19.6
19.8
19.8
19.6
19.6
19.6
19.6
19.8
19.6
19.6
19.6
19.6
19.6
19.6
19.6
19.6
19.6
19.6
19.6
19.6
19.6
19.6
19.8
19.8
20.0
19.6
35.8
19.6
8963.6
9039.8
8967.2
9049.8
8947.2
8970.0
9184.0
9142.2
8995.0
9207.0
9036.8
8968.8
8997.6
9115.8
8921.4
9009.2
9047.2
9010.2
8972.4
8932.8
9026.6
9045.6
9045.6
8976.2
8998.8
8981.8
8987.2
8936.8
8991.2
8968.4
9036.0
8974.6
8979.0
9145.8
9083.6
8937.0
8973.4
9021.4
9034.6
9038.2
8986.0
8971.6
8995.0
8990.4
8956.2
8966.0
9036.0
9011.8
9036.6
8984.0
8999.0
9080.4
8941.2
8940.6
9008.4
9038.0
8920.2
8904.0
9097.6
8981.2
84.0
64.2
35.0
28.8
39.4
24.0
36.2
12.6
83.4
85.6
34.8
84.2
64.0
35.0
18.2
39.4
60.4
2.2
85.4
84.6
75.4
34.6
83.2
63.6
34.6
52.8
42.2
30.8
84.8
64.4
34.8
83.6
64.2
35.4
53.0
3.0
54.4
10.4
53.4
85.4
84.6
30.2
45.4
23.8
55.8
88.4
66.8
37.4
88.2
24.0
18.0
18.4
82.6
63.2
34.6
83.6
84.6
75.2
35.2
82.8
192.8
177.6
177.2
176.0
175.6
176.0
175.0
174.8
175.4
174.8
174.8
175.0
175.2
174.8
174.6
175.0
177.6
172.6
172.6
176.0
172.2
172.2
172.6
172.4
172.0
171.8
172.0
172.6
171.8
172.0
172.2
174.4
171.8
172.8
172.4
172.0
172.0
171.4
173.0
172.6
172.4
172.2
172.2
174.0
172.4
172.0
172.2
172.0
172.2
173.8
173.8
174.0
174.0
172.0
171.6
172.0
171.8
171.2
171.6
171.0
3.2
2.0
12.6
10.0
17.6
1.2
4.2
1.2
3.2
2.4
2.0
31.4
1.2
0.2
1.0
4.6
0.2
0.4
1.0
20.0
7.4
1.0
2.0
2.4
1.0
1.2
1.2
15.0
2.6
0.2
1.2
3.4
12.4
1.0
12.6
3.2
5.2
11.2
2.0
12.4
9.2
1.2
3.2
5.6
15.0
5.2
4.0
4.4
0.2
0.2
12.0
1.2
14.2
0.2
1.0
7.8
1.0
14.8
2.0
0.2
926.8
846.6
111.8
776.0
807.6
63.0
858.4
850.0
105.4
772.6
802.0
12.8
26.4
62.2
21.6
26.6
56.0
11.2
9.0
64.4
16.0
54.0
20.4
44.0
14.8
64.6
50.4
61.6
602.8
3.2
56.8
44.4
3.2
193.8
46.8
2.2
19.4
49.6
28.4
29.4
50.0
5.6
66.8
44.8
36.8
58.8
25.4
31.8
60.2
5.4
56.4
22.4
6.0
27.4
42.8
54.2
95.8
27.4
716.6
27.4
242.6
177.8
177.6
179.4
177.4
177.8
178.6
177.0
181.8
176.8
176.6
176.6
177.0
180.4
177.0
177.2
177.0
176.6
176.4
177.2
177.2
177.0
177.0
176.8
177.2
177.0
176.4
176.8
176.8
177.0
175.4
175.8
176.0
179.2
180.8
178.8
175.6
175.4
175.8
175.4
175.4
178.8
177.0
176.6
176.2
179.6
175.6
176.0
176.2
177.6
175.2
175.4
175.4
175.4
175.8
176.8
175.4
175.2
175.4
175.6
5729.0
5384.4
5359.8
5396.6
5437.8
5410.0
5378.8
5405.6
5416.0
5428.6
5382.8
5345.4
5343.8
5375.2
5392.4
5404.8
5423.8
5448.0
5405.2
5380.2
5410.0
5465.8
5449.8
5366.0
5358.0
5386.6
5434.8
5465.4
5401.6
5395.4
5418.0
5409.6
5426.2
5466.2
5446.6
5450.8
5400.8
5455.6
5479.4
5478.0
5459.6
5448.0
5445.0
5451.2
5425.2
5421.8
5470.8
5436.4
5413.4
5396.6
5444.2
5461.2
5485.4
5470.0
5434.8
5408.8
5454.8
5485.6
5461.2
5482.4
1.0
1.0
1.0
1.0
1.0
1.0
1.0
1.0
1.0
1.0
1.0
1.0
1.0
1.0
1.0
1.0
1.0
1.0
1.0
1.0
1.0
1.0
1.0
1.0
1.0
1.0
1.0
1.0
1.0
1.0
1.0
1.0
1.0
1.0
1.0
1.0
1.0
1.0
1.0
1.0
1.0
1.0
1.0
1.0
1.0
1.0
1.0
1.0
1.0
1.0
1.0
1.0
1.0
1.0
1.0
1.0
1.0
1.0
1.0
1.0
20.4
20.2
20.2
20.2
20.2
20.2
20.2
20.4
20.2
20.2
20.2
20.2
20.2
20.2
20.2
20.4
20.2
20.2
20.2
20.2
20.2
20.2
20.2
20.2
20.2
20.4
20.2
20.2
20.2
20.2
20.2
20.4
20.2
20.2
20.2
20.2
20.4
20.2
20.4
20.2
20.2
20.2
20.2
20.2
20.4
20.2
20.2
20.2
20.2
23.8
20.2
20.2
20.2
20.2
20.4
20.2
20.2
20.2
20.2
20.2
1.0
1.0
1.0
1.0
1.0
1.0
1.0
1.0
1.0
1.0
1.0
1.0
1.0
1.0
1.0
1.0
1.0
1.0
1.0
1.0
1.0
1.0
1.0
1.0
1.0
1.0
1.0
1.0
1.0
1.0
1.0
1.0
1.0
1.0
1.0
1.0
1.0
1.0
1.0
1.0
1.0
1.0
1.0
1.0
1.0
1.0
1.0
1.0
1.0
1.0
1.0
1.0
1.0
1.0
1.0
1.0
1.0
1.0
1.0
1.0
282.0
1.0
312.8
1.0
205.4
1.0
511.4
327.8
1.0
59.6
1.0
1.0
1.0
111.2
18.0
8.4
549.8
1.0
15980.6
87.4
25.0
11.8
17.2
29.2
7.0
18.4
1.0
1.0
1.0
263.0
17.0
1.0
1.0
41.8
4.0
3.0
4.0
8.0
5.0
3.0
8.0
10.0
13.0
13.2
4.0
7.0
2.8
3.0
4.0
2.0
4.0
1.0
1.0
1.0
1.0
1.0
10.2
8.6
12.2
115.2
34397.0
386.0
55.0
18.8
28.6
3442.8
1186.2
778.4
90.4
32.2
26.2
11677.2
7.0
15.2
250.4
5.6
16.6
39.0
11.4
127.6
19.8
10578.8
2693.8
25.8
33.6
851.2
111.8
20.8
13.2
51.6
5.0
359.0
7941.6
10425.8
281.6
34.8
31.2
8.0
57.0
19.0
186.4
821.0
17.2
173.4
18.0
13.0
11.6
561.4
2336.8
393.8
33.8
8.0
75.2
421.4
32.2
101.8
47.8
26.2
5.8
356.4
8.0
15.0
3.0
2.0
3.0
2.0
2.0
2.0
2.0
2.0
4.0
2.0
3.0
15.0
286.6
5.0
3.0
2.0
2.0
26.4
2.0
2.0
10.0
2.0
3.0
2.0
6.0
4.8
5818.2
4.0
2.0
3.6
36.4
6.0
3.0
16.0
6.4
2.0
2.0
3.0
2.0
2.0
2.0
3.0
4.0
2.0
2.0
2.0
2.0
32.0
2.0
2.0
2.0
2.0
3.0
3.0
2.0
22.2
2.0
2.0
1.0
1.0
1.0
1.0
1.0
1.0
1.0
1.0
1.0
1.0
1.0
1.0
1.0
1.0
1.0
1.0
1.0
1.0
1.0
1.0
1.0
1.0
1.0
1.0
1.0
1.0
1.0
1.0
1.0
1.0
1.0
1.0
1.0
1.0
1.0
1.0
1.0
1.0
1.0
1.0
1.0
1.0
1.0
1.0
1.0
1.0
1.0
1.0
1.0
1.0
1.0
1.0
1.0
1.0
1.0
1.0
1.0
1.0
1.0
1.0
1.0
1.0
2.0
6.2
8.0
1.2
1.0
1.0
1.0
1.0
5.0
1.0
2.0
1.0
1.0
1.0
1.0
1.0
1.0
6.2
1.0
4.0
1.0
0.8
1.0
1.0
1.0
1.0
1.0
0.2
1.2
1.2
0.2
0.4
68.2
1.8
1.0
1.0
1.0
3.0
1.0
1.0
1.0
2.0
1.0
1.0
4.0
0.8
2.0
1.0
1.0
0.8
1.0
1.0
1.0
1.0
1.0
1.0
15.6
0.6
19.6
19.4
19.6
19.4
19.4
19.6
19.6
19.4
19.2
19.6
19.4
19.4
358.8
19.4
19.6
19.6
21.0
19.8
19.6
19.4
19.4
19.4
19.4
19.4
19.6
19.6
19.6
19.6
19.6
19.6
19.2
19.6
21.2
19.4
19.6
19.6
19.4
19.4
19.6
19.6
19.6
569.2
19.6
19.4
19.4
19.4
19.4
19.4
19.4
19.2
19.4
19.4
19.6
19.4
19.4
19.4
19.4
19.6
19.2
19.4
3903.0
46.6
152.8
1482.2
59.6
30.0
901.8
82.6
79.2
20.6
26.6
455.4
1425.0
37.6
236.6
1364.8
117.2
33.8
64.0
11.0
21.6
4.0
284.8
3.0
1351.8
173.2
7.0
69.0
17.2
41.0
46.6
32.6
27.8
8.6
14.8
2.0
3.0
354.2
32.2
35.2
10.2
147.6
245.8
2.0
110.2
55.6
35.6
464.2
2.2
36.8
23.6
6.0
22.8
19.6
27.6
14.6
27.6
10.0
34.2
24.6
762.4
835.0
539.6
15.6
21.0
89.4
14.2
4.0
9.0
29.2
28.0
37.4
100.0
15.6
35.8
27.8
6.0
15.6
15.6
22.6
29.0
18.6
13.0
26.6
29.4
12.0
7.0
6.0
34.6
22.6
7.6
4.0
19.6
23.6
18.2
39.8
9.0
108.6
55.8
29.2
13.6
14.4
14.4
5.0
19.4
23.2
10.6
5.0
24.4
1.6
32.6
11.8
4.0
14.4
26.2
20.4
23.4
22.4
27.4
19.4
1245.2
834.4
517.8
527.4
536.6
532.0
492.6
523.0
550.8
1687.8
1666.0
1643.0
532.6
551.4
508.0
909.2
903.2
896.6
881.8
5822.0
530.8
6450.4
3976.4
5551.2
884.8
481.4
876.4
471.6
845.4
504.4
1271.4
1262.8
1261.8
1261.4
530.4
528.2
519.0
494.8
477.8
524.2
522.0
524.4
505.2
479.0
3109.4
3190.8
3100.4
1266.0
1653.2
1623.4
1644.0
1599.4
1275.2
865.0
474.8
496.8
527.4
515.2
520.0
471.0
