0
3
124
3
3
5
3
7
3
3
10
11
12
7
14
3
5
17
0
10
7
5
5
3
17
143
3
27
17
5
30
31
17
5
3
11
27
10
11
3
17
7
17
5
44
11
30
3
7
3
7
31
12
44
3
3
143
314
17
31
143
11
17
0
11
492
17
11
3
3
5
44
11
3
3
12
3
3
7
17
143
12
30
3
7
14
11
3
3
30
0
11
3
17
3
14
7
44
17
0
11
11
14
3
44
3
124
11
5
12
7
30
5
3
44
17
27
11
3
14
0
7
7
5
124
3
44
7
27
143
17
143
31
17
3
12
17
3
12
12
14
5
7
143
0
3
10
7
12
30
17
3
124
12
492
30
3
30
143
492
17
3
3
492
3
5
17
124
0
11
12
30
7
44
17
17
14
7
0
5
17
14
12
492
3
17
3
3
11
11
5
12
17
0
5
17
12
3
12
12
200
143
12
12
27
17
17
17
5
3
7
44
3
3
3
44
17
143
17
5
44
7
11
12
14
12
11
30
124
7
11
11
14
7
11
14
5
14
124
314
17
492
3
17
17
17
3
17
3
44
11
0
5
3
3
12
12
3
11
44
3
5
143
5
11
3
143
44
11
3
314
11
3
3
3
5
124
314
30
3
7
3
17
0
12
31
7
17
7
3
3
5
3
44
11
31
5
3
143
299
124
14
3
27
3
3
12
143
17
492
27
12
44
17
314
314
3
3
7
3
492
5
17
17
11
3
14
17
5
3
3
27
11
17
12
14
17
17
17
3
124
7
30
14
7
17
44
12
143
3
17
27
17
3
11
7
17
11
14
44
3
5
7
17
7
12
11
3
17
17
7
124
17
30
3
3
12
27
12
0
11
3
11
7
11
17
5
11
7
11
3
17
7
17
11
17
44
3
12
30
17
17
17
17
3
143
17
3
30
492
17
7
3
14
3
5
17
3
0
3
7
12
7
12
11
17
5
124
124
7
44
17
30
12
30
30
17
44
5
3
17
3
17
7
44
11
11
3
11
3
3
7
7
17
124
30
17
7
44
3
3
17
0
17
12
5
7
11
31
3
492
3
17
27
12
12
476
11
124
3
3
11
11
30
11
7
143
3
0
12
12
5
492
5
17
31
5
3
11
314
17
27
7
17
3
11
14
14
7
11
27
5
11
11
3
44
7
30
5
3
3
3
11
3
124
3
3
12
30
14
3
124
17
11
17
12
11
7
11
7
12
14
31
5
12
44
143
7
17
27
3
7
17
44
11
14
492
3
3
17
3
0
31
143
30
7
30
5
11
14
3
11
5
0
5
30
17
3
31
143
11
12
5
31
12
17
12
7
3
27
3
30
11
11
11
3
11
11
12
124
