269.4
24.0
104.0
13.0
12.0
10.0
10.0
8.0
10.0
7.0
7.0
14.0
8.0
8.0
7.0
7.0
9.0
12.0
11.0
6.0
10.0
8.0
16.0
9.0
16.0
30.0
9.0
15.0
7.0
6.0
12.0
5.0
5.0
6.0
5.0
8.0
14.0
5.0
7.0
6.0
5.0
6.0
4.0
6.0
7.0
6.0
7.0
6.0
5.0
6.0
5.0
5.0
4.0
10.0
7.0
5.0
13.0
13.0
4.0
7.0
10.0
11.0
4.0
9.0
6.0
45.0
5.0
6.0
5.0
5.0
559.0
8.0
5.0
7.0
5.0
4.0
5.0
6.0
5.0
4.0
35.0
6.0
6.0
6.0
7.0
4.0
6.0
6.0
7.0
5.0
7.0
8.0
7.0
6.0
6.0
4.0
5.0
8.0
6.0
7.0
7.0
10.0
10.0
17.0
6.0
8.0
8.0
6.0
5.0
4.0
5.0
6.0
5.0
7.0
11.0
7.0
15.0
5.0
5.0
4.0
8.0
5.0
8.0
4.0
6.0
6.0
9.0
4.0
10.0
13.0
5.0
26.0
8.0
4.0
6.0
4.0
5.0
5.0
5.0
4.0
4.0
5.0
5.0
14.0
308.0
4.0
5.0
5.0
4.0
5.0
5.0
4.0
5.0
6.0
4.0
5.0
6.0
7.0
22.0
13.0
8.0
6.0
4.0
9.0
8.0
4.0
7.0
4.0
352.0
6.0
3.0
6.0
3.0
13.0
7.0
11.0
3.0
4.0
236.0
4.0
8.0
3.0
3.0
4.0
5.0
20.0
6.0
5.0
5.0
6.0
4.0
6.0
11.0
13.0
4.0
11.0
4.0
6.0
6.0
5.0
12.0
39.0
5.0
3.0
7.0
6.0
9.0
5.0
4.0
6.0
6.0
7.0
7.0
6.0
5.0
7.0
5.0
29.0
4.0
39.0
14.0
4.0
6.0
7.0
5.0
959.6
8.0
6.0
6.0
35.0
8.0
6.0
5.0
6.0
6.0
3.0
4.0
4.0
7.0
33.0
18.0
4.0
7.0
11.0
5.0
6.0
6.0
6.0
7.0
7.0
4.0
7.0
4.0
6.0
6.0
3.0
6.0
5.0
6.0
12.0
7.0
3.0
268.0
4.0
5.0
6.0
40.0
7.0
5.0
6.0
12.0
6.0
6.0
7.0
5.0
5.0
7.0
15.0
4.0
6.0
6.0
5.0
5.0
7.0
8.0
10.0
6.0
10.0
6.0
10.0
9.0
3.0
6.0
14.0
7.0
11.0
4.0
7.0
29.0
6.0
7.0
3.0
7.0
32.0
6.0
7.0
5.0
41.0
4.0
4.0
28.0
4.0
7.0
5.0
11.0
11.0
7.0
9.0
12.0
6.0
4.0
8.0
5.0
5.0
6.0
7.0
3.0
13.0
124.0
7.0
5.0
9.0
5.0
5.0
5.0
3.0
6.0
6.0
10.0
7.0
4.0
5.0
4.0
3.0
3.0
6.0
7.0
5.0
20.0
5.0
6.0
38.0
11.0
7.0
6.0
6.0
10.0
5.0
4.0
6.0
7.0
7.0
3.0
4.0
4.0
4.0
18.0
5.0
6.0
5.0
3.0
6.0
4.0
4.0
10.0
7.0
6.0
11.0
3.0
29.0
8.0
8.0
4.0
11.0
5.0
6.0
18.0
5.0
6.0
8.0
7.0
6.0
4.0
11.0
47.0
11.0
7.0
5.0
5.0
6.0
9.0
5.0
14.0
12.0
7.0
6.0
9.0
8.0
39.0
64.0
4.0
5.0
7.0
4.0
6.0
9.0
6.0
6.0
7.0
5.0
3.0
4.0
3.0
3.0
5.0
6.0
4.0
6.0
6.0
3.0
16.0
10.0
21.0
3.0
4.0
6.0
4.0
14.0
50.0
7.0
5.0
12.0
5.0
5.0
8.0
5.0
5.0
8.0
7.0
6.0
5.0
6.0
6.0
11.0
4.0
13.0
6.0
6.0
5.0
7.0
5.0
6.0
5.0
5.0
4.0
3.0
3.0
5.0
11.0
6.0
43.0
6.0
6.0
7.0
7.0
5.0
3.0
7.0
5.0
3.0
6.0
4.0
4.0
4.0
5.0
3.0
45.0
5.0
7.0
4.0
3.0
5.0
8.0
4.0
4.0
14.0
4.0
5.0
5.0
8.0
6.0
7.0
5.0
7.0
8.0
4.0
3.0
4.0
5.0
4.0
21.0
3.0
6.0
6.0
6.0
5.0
5.0
6.0
3.0
6.0
5.0
3.0
5.0
7.0
7.0
7.0
5.0
3.0
51.0
3.0
6.0
7.0
5.0
6.0
5.0
3.0
4.0
3.0
4.0
6.0
5.0
3.0
5.0
7.0
3.0
7.0
21.0
12.0
5.0
31.0
7.0
3.0
14.0
7.0
4.0
3.0
32.0
5.0
5.0
10.0
11.0
226.6
8.0
14.0
5.0
5.0
5.0
8.0
5.0
3.0
7.0
8.0
4.0
7.0
4.0
4.0
5.0
6.0
11.0
35.0
6.0
3.0
4.0
10.0
6.0
4.0
3.0
6.0
12.0
7.0
5.0
25.0
4.0
5.0
5.0
6.0
4.0
4.0
12.0
4.0
