772.802
30.957
108.622
16.54
15.045
13.691
12.482
11.531
13.076
10.33
10.593
17.985
11.217
11.073
10.324
10.128
11.713
14.973
14.489
9.015
12.724
11.553
19.222
12.383
19.61
33.533
11.656
17.782
9.524
9.141
15.004
7.85
7.383
8.678
8.113
14.131
16.709
7.721
10.581
8.335
7.605
8.347
7.188
8.889
9.515
8.892
10.6
9.058
8.744
9.13
7.371
7.261
6.993
13.166
9.28
7.946
16.224
15.883
7.11
9.82
12.424
13.987
6.68
12.095
8.528
47.544
7.475
8.65
7.513
7.862
561.599
11.312
7.412
10.146
8.131
6.56
8.989
8.982
8.137
7.187
37.992
8.396
8.65
9.113
10.005
6.619
9.226
8.883
9.97
8.551
9.367
10.807
9.802
8.4
8.374
7.024
7.992
10.671
8.995
9.236
9.134
13.053
12.748
20.469
9.088
10.963
10.711
11.619
8.244
7.302
7.444
8.582
7.597
10.351
13.698
10.19
17.61
8.703
8.219
6.724
10.803
9.577
11.522
7.317
8.781
8.955
11.924
7.094
12.835
15.99
7.399
29.391
11.303
6.685
8.987
7.002
8.042
8.523
8.103
7.097
6.741
7.979
7.914
16.807
310.982
6.804
7.895
7.429
6.995
7.47
7.864
6.402
7.483
8.157
7.033
7.707
10.073
9.287
24.733
16.464
10.281
9.149
12.656
11.985
10.925
6.165
9.428
6.886
354.472
8.454
5.715
9.061
5.805
15.159
9.977
13.412
6.156
6.164
239.372
6.23
10.675
5.734
5.68
6.868
7.93
22.704
8.873
8.024
8.329
10.169
6.324
8.523
13.81
15.621
6.174
13.649
6.588
8.368
8.672
8.726
15.435
42.942
7.493
6.047
11.451
9.085
19.983
7.888
6.548
8.743
8.33
9.799
9.901
8.343
7.256
10.064
7.869
39.188
8.791
42.044
17.541
6.76
8.557
9.447
7.477
601.111
10.977
9.057
10.336
37.302
11.813
9.848
7.458
8.279
9.148
5.77
6.892
6.393
9.801
36.002
20.647
6.713
10.038
13.936
7.336
9.096
8.245
9.016
9.144
9.376
6.832
10.012
7.03
8.626
8.553
5.765
8.1
7.263
8.273
15.058
9.809
6.08
270.844
6.744
7.788
8.72
43.42
10.298
8.041
8.425
14.699
9.357
10.01
10.041
7.666
7.798
9.243
17.265
7.295
8.416
8.855
8.04
7.674
9.416
10.148
12.471
8.792
13.08
8.436
12.426
11.277
5.925
8.238
16.307
10.385
13.803
6.241
9.135
31.86
8.172
10.299
5.666
9.683
34.671
8.775
9.558
8.04
43.918
7.039
6.206
31.496
6.218
10.278
7.596
13.979
14.253
9.112
11.372
14.79
8.428
6.43
11.09
7.561
7.88
8.984
9.22
5.759
15.45
126.917
10.722
8.396
13.371
7.544
7.992
7.723
5.811
8.331
8.553
12.892
10.085
6.739
7.734
6.78
5.632
5.92
8.857
10.127
7.283
22.796
7.81
8.196
41.452
13.651
9.569
9.066
8.914
13.088
7.541
6.185
9.199
9.883
9.873
5.703
9.191
6.372
6.651
21.012
7.248
8.067
7.856
5.659
366.915
6.919
7.026
12.852
9.295
9.046
15.73
6.169
35.011
12.117
11.469
7.511
13.772
7.686
9.258
20.631
7.616
8.239
10.265
9.405
8.881
6.616
13.718
50.336
13.622
10.071
7.429
7.925
8.595
11.64
7.574
16.413
15.196
9.689
9.396
11.928
10.844
42.02
66.792
6.656
8.061
9.156
6.463
8.107
12.244
9.007
8.099
10.017
8.266
5.685
6.768
6.237
5.539
7.806
8.791
6.395
8.668
8.882
5.603
18.463
12.525
31.845
5.705
7.374
8.55
6.807
17.449
52.853
10.438
7.268
15.183
7.986
8.074
11.303
7.53
8.718
10.058
9.665
8.902
8.024
9.733
8.643
13.661
6.422
16.25
8.118
8.132
7.97
9.843
7.251
8.067
8.18
8.026
6.726
5.806
5.643
7.704
13.859
8.584
46.231
8.749
8.153
15.417
10.063
8.058
5.587
9.296
8.315
6.351
8.975
6.663
7.245
6.58
7.254
5.822
47.403
7.826
9.75
6.211
5.642
7.375
11.597
6.429
7.048
17.078
6.147
8.154
7.067
11.144
8.299
11.031
7.43
10.217
10.436
6.584
5.642
6.218
8.457
6.893
23.855
5.816
8.575
8.831
8.293
7.398
7.932
8.575
5.616
9.094
7.784
6.05
8.036
9.654
9.387
9.199
7.923
5.737
54.528
5.684
8.533
9.339
7.642
8.42
7.464
5.661
7.492
5.488
7.26
8.383
7.653
5.481
7.223
9.459
5.631
9.405
23.743
14.193
7.166
35.081
9.132
5.666
16.948
9.597
6.763
5.554
34.938
7.092
7.908
12.782
13.95
269.189
10.683
16.826
7.939
8.017
7.614
11.269
7.215
5.411
10.121
10.179
6.372
9.213
6.269
7.298
7.383
8.27
13.229
38.343
9.214
5.848
6.164
12.813
8.314
6.783
5.63
8.445
14.057
9.44
7.57
27.735
6.548
7.328
8.004
8.029
6.776
6.685
14.879
6.378
