ex_time
1.0
1.0
1.0
1.0
1.0
1.0
1.0
1.0
1.0
1.0
1.0
1.0
1.0
1.0
1.0
1.0
1.0
1.0
1.0
1.0
1.0
1.0
1.0
1.0
1.0
1.0
1.0
1.0
1.0
1.0
1.0
1.0
1.0
1.0
1.0
1.0
1.0
1.0
1.0
1.0
1.0
1.0
1.0
1.0
1.0
1.0
1.0
1.0
1.0
1.0
1.0
1.0
1.0
1.0
1.0
1.0
1.0
1.0
1.0
1.0
21.08888888888889
21.08888888888889
21.08888888888889
21.08888888888889
21.08888888888889
20.097560975609756
20.097560975609756
20.097560975609756
20.097560975609756
20.097560975609756
20.097560975609756
20.097560975609756
20.097560975609756
20.097560975609756
20.097560975609756
20.097560975609756
20.097560975609756
20.097560975609756
21.08888888888889
21.08888888888889
21.08888888888889
21.08888888888889
21.08888888888889
21.08888888888889
20.097560975609756
20.097560975609756
20.097560975609756
20.097560975609756
21.08888888888889
20.08676385780647
20.097560975609756
20.097560975609756
20.097560975609756
21.08888888888889
21.08888888888889
20.097560975609756
20.097560975609756
20.097560975609756
20.097560975609756
20.097560975609756
20.097560975609756
20.097560975609756
20.097560975609756
20.097560975609756
20.097560975609756
20.097560975609756
20.097560975609756
20.097560975609756
20.097560975609756
20.097560975609756
20.097560975609756
21.08888888888889
21.08888888888889
20.097560975609756
21.08888888888889
20.097560975609756
20.097560975609756
20.097560975609756
21.08888888888889
20.097560975609756
8995.176923076922
9005.0
9005.742857142857
8995.176923076922
8962.8
8962.8
9041.12
9041.12
9005.742857142857
9041.12
9005.742857142857
9005.0
9041.12
8995.176923076922
8995.176923076922
9041.12
9012.048708510532
8995.176923076922
8995.176923076922
8995.176923076922
8995.176923076922
9012.048708510532
9012.048708510532
8995.176923076922
8995.176923076922
9041.12
8995.176923076922
8995.176923076922
9041.12
9005.742857142857
8995.176923076922
8962.8
9041.12
8995.176923076922
9041.12
9005.742857142857
9005.0
8995.176923076922
9041.12
9005.742857142857
9041.12
8995.176923076922
9041.12
8995.176923076922
8962.8
8962.8
9041.12
8995.176923076922
8995.176923076922
8995.176923076922
8995.176923076922
8995.176923076922
8995.176923076922
8995.176923076922
9041.12
9005.0
8995.176923076922
8995.176923076922
9005.742857142857
9041.12
71.4
52.8
52.8
33.75
33.75
33.75
33.75
33.75
75.28571428571429
75.28571428571429
40.7
53.2
44.733333333333334
44.733333333333334
53.2
44.733333333333334
44.733333333333334
44.733333333333334
75.28571428571429
40.7
75.28571428571429
40.7
71.4
33.75
33.75
71.4
71.4
33.75
75.28571428571429
70.91426262823903
40.7
53.2
44.733333333333334
44.733333333333334
52.962636228318075
53.2
44.733333333333334
44.733333333333334
52.962636228318075
44.733333333333334
53.2
44.733333333333334
53.2
53.2
44.733333333333334
75.28571428571429
70.91426262823903
40.7
46.870400677124145
75.28571428571429
40.7
46.870400677124145
71.4
52.8
52.8
71.4
52.8
72.63216060281862
52.8
53.2
173.63333333333333
173.63333333333333
173.63333333333333
173.63333333333333
173.63333333333333
173.63333333333333
173.63333333333333
173.63333333333333
173.63333333333333
173.63333333333333
173.63333333333333
173.63333333333333
173.63333333333333
173.63333333333333
173.63333333333333
173.63333333333333
173.63333333333333
173.63333333333333
173.63333333333333
173.63333333333333
173.63333333333333
173.63333333333333
173.63333333333333
173.63333333333333
173.63333333333333
173.63333333333333
173.63333333333333
173.63333333333333
173.63333333333333
173.63333333333333
173.63333333333333
173.63333333333333
173.63333333333333
173.63333333333333
173.63333333333333
173.63333333333333
173.63333333333333
173.63333333333333
173.63333333333333
173.63333333333333
173.63333333333333
173.63333333333333
173.63333333333333
173.63333333333333
173.63333333333333
173.63333333333333
173.63333333333333
173.63333333333333
173.63333333333333
173.63333333333333
173.63333333333333
173.63333333333333
173.63333333333333
173.63333333333333
173.63333333333333
173.63333333333333
173.63333333333333
173.63333333333333
173.63333333333333
173.63333333333333
5.346666666666667
5.346666666666667
5.346666666666667
5.346666666666667
5.346666666666667
5.346666666666667
5.346666666666667
5.346666666666667
5.346666666666667
5.346666666666667
5.346666666666667
5.346666666666667
5.346666666666667
5.346666666666667
5.346666666666667
5.346666666666667
5.346666666666667
5.346666666666667
5.346666666666667
5.346666666666667
5.346666666666667
5.346666666666667
5.346666666666667
5.346666666666667
5.346666666666667
5.346666666666667
5.346666666666667
5.346666666666667
5.346666666666667
5.346666666666667
5.346666666666667
5.346666666666667
5.346666666666667
5.346666666666667
5.346666666666667
5.346666666666667
5.346666666666667
5.346666666666667
5.346666666666667
5.346666666666667
5.346666666666667
5.346666666666667
5.346666666666667
5.346666666666667
5.346666666666667
5.346666666666667
5.346666666666667
5.346666666666667
5.346666666666667
5.346666666666667
5.346666666666667
5.346666666666667
5.346666666666667
5.346666666666667
5.346666666666667
5.346666666666667
5.346666666666667
5.346666666666667
5.346666666666667
5.346666666666667
167.97
167.97
167.97
167.97
167.97
167.97
167.97
167.97
167.97
167.97
167.97
167.97
167.97
167.97
167.97
167.97
167.97
167.97
167.97
167.97
167.97
167.97
167.97
167.97
167.97
167.97
167.97
167.97
167.97
167.97
167.97
167.97
167.97
167.97
167.97
167.97
167.97
167.97
167.97
167.97
167.97
167.97
167.97
167.97
167.97
167.97
167.97
167.97
167.97
167.97
167.97
167.97
167.97
167.97
167.97
167.97
167.97
167.97
167.97
167.97
179.70344827586206
176.53684210526316
179.70344827586206
176.35555555555555
179.70344827586206
176.53684210526316
179.70344827586206
176.32391129372465
179.70344827586206
179.70344827586206
179.70344827586206
179.70344827586206
179.70344827586206
179.70344827586206
179.70344827586206
179.70344827586206
179.70344827586206
179.70344827586206
179.70344827586206
179.70344827586206
179.70344827586206
179.70344827586206
179.70344827586206
179.70344827586206
179.70344827586206
179.70344827586206
179.70344827586206
179.70344827586206
179.70344827586206
179.70344827586206
176.53684210526316
176.53684210526316
176.53684210526316
176.53684210526316
176.53684210526316
176.53684210526316
176.53684210526316
176.53684210526316
176.53684210526316
176.53684210526316
179.06461832502538
179.70344827586206
179.70344827586206
176.53684210526316
176.53684210526316
179.70344827586206
176.32391129372465
176.53684210526316
176.35555555555555
176.35555555555555
176.35555555555555
176.35555555555555
176.35555555555555
176.35555555555555
176.35555555555555
176.35555555555555
176.53684210526316
176.53684210526316
176.53684210526316
176.53684210526316
5429.486666666667
5429.486666666667
5429.486666666667
5429.486666666667
5429.486666666667
5429.486666666667
5429.486666666667
5429.486666666667
5429.486666666667
5429.486666666667
5429.486666666667
5429.486666666667
5429.486666666667
5429.486666666667
5429.486666666667
5429.486666666667
5429.486666666667
5429.486666666667
5429.486666666667
5429.486666666667
5429.486666666667
5429.486666666667
5429.486666666667
5429.486666666667
5429.486666666667
5429.486666666667
5429.486666666667
5429.486666666667
5429.486666666667
5429.486666666667
5429.486666666667
5429.486666666667
5429.486666666667
5429.486666666667
5429.486666666667
5429.486666666667
5429.486666666667
5429.486666666667
5429.486666666667
5429.486666666667
5429.486666666667
5429.486666666667
5429.486666666667
5429.486666666667
5429.486666666667
5429.486666666667
5429.486666666667
5429.486666666667
5429.486666666667
5429.486666666667
5429.486666666667
5429.486666666667
5429.486666666667
5429.486666666667
5429.486666666667
5429.486666666667
5429.486666666667
5429.486666666667
5429.486666666667
5429.486666666667
1.0
1.0
1.0
1.0
1.0
1.0
1.0
1.0
1.0
1.0
1.0
1.0
1.0
1.0
1.0
1.0
1.0
1.0
1.0
1.0
1.0
1.0
1.0
1.0
1.0
1.0
1.0
1.0
1.0
1.0
1.0
1.0
1.0
1.0
1.0
1.0
1.0
1.0
1.0
1.0
1.0
1.0
1.0
1.0
1.0
1.0
1.0
1.0
1.0
1.0
1.0
1.0
1.0
1.0
1.0
1.0
1.0
1.0
1.0
1.0
20.228571428571428
20.323076923076922
20.323076923076922
20.228571428571428
20.323076923076922
20.323076923076922
20.323076923076922
20.323076923076922
20.323076923076922
20.323076923076922
20.323076923076922
20.323076923076922
20.323076923076922
20.323076923076922
20.323076923076922
20.323076923076922
20.228571428571428
20.323076923076922
20.323076923076922
20.228571428571428
20.228571428571428
20.228571428571428
20.228571428571428
20.228571428571428
20.228571428571428
20.228571428571428
20.228571428571428
20.228571428571428
20.228571428571428
20.323076923076922
20.323076923076922
20.323076923076922
20.228571428571428
20.323076923076922
20.323076923076922
20.228571428571428
20.228571428571428
20.323076923076922
20.323076923076922
20.323076923076922
20.323076923076922
20.228571428571428
20.323076923076922
20.323076923076922
20.323076923076922
20.323076923076922
20.323076923076922
20.323076923076922
20.323076923076922
20.323076923076922
20.228571428571428
20.323076923076922
20.323076923076922
20.323076923076922
20.323076923076922
20.323076923076922
20.323076923076922
20.228571428571428
20.228571428571428
20.228571428571428
1.0
1.0
1.0
1.0
1.0
1.0
1.0
1.0
1.0
1.0
1.0
1.0
1.0
1.0
1.0
1.0
1.0
1.0
1.0
1.0
1.0
1.0
1.0
1.0
1.0
1.0
1.0
1.0
1.0
1.0
1.0
1.0
1.0
1.0
1.0
1.0
1.0
1.0
1.0
1.0
1.0
1.0
1.0
1.0
1.0
1.0
1.0
1.0
1.0
1.0
1.0
1.0
1.0
1.0
1.0
1.0
1.0
1.0
1.0
1.0
319.1166666666667
319.1166666666667
319.1166666666667
319.1166666666667
319.1166666666667
319.1166666666667
319.1166666666667
319.1166666666667
319.1166666666667
319.1166666666667
319.1166666666667
319.1166666666667
319.1166666666667
319.1166666666667
319.1166666666667
319.1166666666667
319.1166666666667
319.1166666666667
319.1166666666667
319.1166666666667
319.1166666666667
319.1166666666667
319.1166666666667
319.1166666666667
319.1166666666667
319.1166666666667
319.1166666666667
319.1166666666667
319.1166666666667
319.1166666666667
319.1166666666667
319.1166666666667
319.1166666666667
319.1166666666667
319.1166666666667
319.1166666666667
319.1166666666667
319.1166666666667
319.1166666666667
319.1166666666667
319.1166666666667
319.1166666666667
319.1166666666667
319.1166666666667
319.1166666666667
319.1166666666667
319.1166666666667
319.1166666666667
319.1166666666667
319.1166666666667
319.1166666666667
319.1166666666667
319.1166666666667
319.1166666666667
319.1166666666667
319.1166666666667
319.1166666666667
319.1166666666667
319.1166666666667
319.1166666666667
1529.9366666666667
1529.9366666666667
1529.9366666666667
1529.9366666666667
1529.9366666666667
1529.9366666666667
1529.9366666666667
1529.9366666666667
1529.9366666666667
1529.9366666666667
1529.9366666666667
1529.9366666666667
1529.9366666666667
1529.9366666666667
1529.9366666666667
1529.9366666666667
1529.9366666666667
1529.9366666666667
1529.9366666666667
1529.9366666666667
1529.9366666666667
1529.9366666666667
1529.9366666666667
1529.9366666666667
1529.9366666666667
1529.9366666666667
1529.9366666666667
1529.9366666666667
1529.9366666666667
1529.9366666666667
1529.9366666666667
1529.9366666666667
1529.9366666666667
1529.9366666666667
1529.9366666666667
1529.9366666666667
1529.9366666666667
1529.9366666666667
1529.9366666666667
1529.9366666666667
1529.9366666666667
1529.9366666666667
1529.9366666666667
1529.9366666666667
1529.9366666666667
1529.9366666666667
1529.9366666666667
1529.9366666666667
1529.9366666666667
1529.9366666666667
1529.9366666666667
1529.9366666666667
1529.9366666666667
1529.9366666666667
1529.9366666666667
1529.9366666666667
1529.9366666666667
1529.9366666666667
1529.9366666666667
1529.9366666666667
106.99333333333334
106.99333333333334
106.99333333333334
106.99333333333334
106.99333333333334
106.99333333333334
106.99333333333334
106.99333333333334
106.99333333333334
106.99333333333334
106.99333333333334
106.99333333333334
106.99333333333334
106.99333333333334
106.99333333333334
106.99333333333334
106.99333333333334
106.99333333333334
106.99333333333334
106.99333333333334
106.99333333333334
106.99333333333334
106.99333333333334
106.99333333333334
106.99333333333334
106.99333333333334
106.99333333333334
106.99333333333334
106.99333333333334
106.99333333333334
106.99333333333334
106.99333333333334
106.99333333333334
106.99333333333334
106.99333333333334
106.99333333333334
106.99333333333334
106.99333333333334
106.99333333333334
106.99333333333334
106.99333333333334
106.99333333333334
106.99333333333334
106.99333333333334
106.99333333333334
106.99333333333334
106.99333333333334
106.99333333333334
106.99333333333334
106.99333333333334
106.99333333333334
106.99333333333334
106.99333333333334
106.99333333333334
106.99333333333334
106.99333333333334
106.99333333333334
106.99333333333334
106.99333333333334
106.99333333333334
1.0
1.0
1.0
1.0
1.0
1.0
1.0
1.0
1.0
1.0
1.0
1.0
1.0
1.0
1.0
1.0
1.0
1.0
1.0
1.0
1.0
1.0
1.0
1.0
1.0
1.0
1.0
1.0
1.0
1.0
1.0
1.0
1.0
1.0
1.0
1.0
1.0
1.0
1.0
1.0
1.0
1.0
1.0
1.0
1.0
1.0
1.0
1.0
1.0
1.0
1.0
1.0
1.0
1.0
1.0
1.0
1.0
1.0
1.0
1.0
1.9
5.344444444444444
1.9
1.9
5.344444444444444
1.9
1.9
1.9
1.9
5.344444444444444
5.344444444444444
1.9
1.9
5.344444444444444
1.9
5.344444444444444
1.9
1.9
5.344444444444444
1.9
5.344444444444444
1.9
1.9
1.9
1.9
1.9
5.344444444444444
5.344444444444444
1.9
1.9
5.344444444444444
1.9
0.9000142362051636
1.9
5.344444444444444
1.9
1.9
1.9
1.9
1.9
5.344444444444444
1.9
5.344444444444444
1.9
1.9
1.9
1.9
1.9
1.9
5.344444444444444
1.9
5.344444444444444
5.344444444444444
0.9000142362051636
1.9
1.9
1.9
5.344444444444444
1.9
1.9
34.346666666666664
34.346666666666664
34.346666666666664
34.346666666666664
34.346666666666664
34.346666666666664
34.346666666666664
34.346666666666664
34.346666666666664
34.346666666666664
34.346666666666664
34.346666666666664
34.346666666666664
34.346666666666664
34.346666666666664
34.346666666666664
34.346666666666664
34.346666666666664
34.346666666666664
34.346666666666664
34.346666666666664
34.346666666666664
34.346666666666664
34.346666666666664
34.346666666666664
34.346666666666664
34.346666666666664
34.346666666666664
34.346666666666664
34.346666666666664
34.346666666666664
34.346666666666664
34.346666666666664
34.346666666666664
34.346666666666664
34.346666666666664
34.346666666666664
34.346666666666664
34.346666666666664
34.346666666666664
34.346666666666664
34.346666666666664
34.346666666666664
34.346666666666664
34.346666666666664
34.346666666666664
34.346666666666664
34.346666666666664
34.346666666666664
34.346666666666664
34.346666666666664
34.346666666666664
34.346666666666664
34.346666666666664
34.346666666666664
34.346666666666664
34.346666666666664
34.346666666666664
34.346666666666664
34.346666666666664
239.68
239.68
239.68
239.68
239.68
239.68
239.68
239.68
239.68
239.68
239.68
239.68
239.68
239.68
239.68
239.68
239.68
239.68
239.68
239.68
239.68
239.68
239.68
239.68
239.68
239.68
239.68
239.68
239.68
239.68
239.68
239.68
239.68
239.68
239.68
239.68
239.68
239.68
239.68
239.68
239.68
239.68
239.68
239.68
239.68
239.68
239.68
239.68
239.68
239.68
239.68
239.68
239.68
239.68
239.68
239.68
239.68
239.68
239.68
239.68
57.86
57.86
57.86
57.86
57.86
57.86
57.86
57.86
57.86
57.86
57.86
57.86
57.86
57.86
57.86
57.86
57.86
57.86
57.86
57.86
57.86
57.86
57.86
57.86
57.86
57.86
57.86
57.86
57.86
57.86
57.86
57.86
57.86
57.86
57.86
57.86
57.86
57.86
57.86
57.86
57.86
57.86
57.86
57.86
57.86
57.86
57.86
57.86
57.86
57.86
57.86
57.86
57.86
57.86
57.86
57.86
57.86
57.86
57.86
57.86
1170.2
1170.2
1170.2
1170.2
1170.2
1170.2
1251.84
1251.84
999.8285714285714
1636.8
1636.8
829.6285714285714
1636.8
1636.8
829.6285714285714
881.4
999.8285714285714
881.4
1251.84
1636.8
1636.8
3954.0890269565175
1636.8
1636.8
1636.8
829.6285714285714
829.6285714285714
1636.8
1636.8
1636.8
829.6285714285714
1170.2
1170.2
1251.84
881.4
899.1224368200201
881.4
1295.973972671021
881.4
1636.8
829.6285714285714
1636.8
829.6285714285714
1636.8
1170.2
1170.2
1251.84
999.8285714285714
881.4
999.8285714285714
881.4
881.4
999.8285714285714
999.8285714285714
881.4
1170.2
1170.2
999.8285714285714
881.4
881.4
