ex_time
1.0
1.0
1.0
1.0
1.0
1.0
1.0
1.0
1.0
1.0
1.0
1.0
1.0
1.0
1.0
1.0
1.0
1.0
1.0
1.0
1.0
1.0
1.0
1.0
1.0
1.0
1.0
1.0
1.0
1.0
1.0
1.0
1.0
1.0
1.0
1.0
1.0
1.0
1.0
1.0
1.0
1.0
1.0
1.0
1.0
1.0
1.0
1.0
1.0
1.0
1.0
1.0
1.0
1.0
1.0
1.0
1.0
1.0
1.0
1.0
20.4
20.4
20.4
20.4
20.4
20.4
20.4
20.4
20.4
20.4
20.4
20.4
20.4
20.4
20.4
20.4
20.4
20.4
20.4
20.4
20.4
20.4
20.4
20.4
20.4
20.4
20.4
20.4
20.4
20.36269770318257
20.4
20.4
20.4
20.4
20.4
20.4
20.4
20.4
20.4
20.4
20.4
20.4
20.4
20.4
20.4
20.4
20.4
20.4
20.4
20.4
20.4
20.4
20.4
20.4
20.4
20.4
20.4
20.4
20.4
20.4
8995.176923076922
9005.0
9005.742857142857
8995.176923076922
8962.8
8962.8
9041.12
9041.12
9005.742857142857
9041.12
9005.742857142857
9005.0
9041.12
8995.176923076922
8995.176923076922
9041.12
9046.133333333333
8995.176923076922
8995.176923076922
8995.176923076922
8995.176923076922
9046.133333333333
9046.133333333333
8995.176923076922
8995.176923076922
9041.12
8995.176923076922
8995.176923076922
9041.12
9005.742857142857
8995.176923076922
8962.8
9041.12
8995.176923076922
9041.12
9005.742857142857
9005.0
8995.176923076922
9041.12
9005.742857142857
9041.12
8995.176923076922
9041.12
8995.176923076922
8962.8
8962.8
9041.12
8995.176923076922
8995.176923076922
8995.176923076922
8995.176923076922
8995.176923076922
8995.176923076922
8995.176923076922
9041.12
9005.0
8995.176923076922
8995.176923076922
9005.742857142857
9041.12
61.0
49.6
49.6
53.13333333333333
53.13333333333333
53.13333333333333
53.13333333333333
53.13333333333333
53.13333333333333
53.13333333333333
40.7
61.0
49.6
49.6
61.0
49.6
49.6
49.6
53.13333333333333
40.7
53.13333333333333
40.7
61.0
53.13333333333333
53.13333333333333
61.0
61.0
53.13333333333333
53.13333333333333
49.6
40.7
61.0
49.6
49.6
49.6
61.0
49.6
49.6
49.6
49.6
61.0
49.6
61.0
61.0
49.6
53.13333333333333
49.6
40.7
53.3
53.13333333333333
40.7
53.3
61.0
49.6
49.6
61.0
49.6
63.72291321050201
49.6
61.0
173.63333333333333
173.63333333333333
173.63333333333333
173.63333333333333
173.63333333333333
173.63333333333333
173.63333333333333
173.63333333333333
173.63333333333333
173.63333333333333
173.63333333333333
173.63333333333333
173.63333333333333
173.63333333333333
173.63333333333333
173.63333333333333
173.63333333333333
173.63333333333333
173.63333333333333
173.63333333333333
173.63333333333333
173.63333333333333
173.63333333333333
173.63333333333333
173.63333333333333
173.63333333333333
173.63333333333333
173.63333333333333
173.63333333333333
173.63333333333333
173.63333333333333
173.63333333333333
173.63333333333333
173.63333333333333
173.63333333333333
173.63333333333333
173.63333333333333
173.63333333333333
173.63333333333333
173.63333333333333
173.63333333333333
173.63333333333333
173.63333333333333
173.63333333333333
173.63333333333333
173.63333333333333
173.63333333333333
173.63333333333333
173.63333333333333
173.63333333333333
173.63333333333333
173.63333333333333
173.63333333333333
173.63333333333333
173.63333333333333
173.63333333333333
173.63333333333333
173.63333333333333
173.63333333333333
173.63333333333333
5.346666666666667
5.346666666666667
5.346666666666667
5.346666666666667
5.346666666666667
5.346666666666667
5.346666666666667
5.346666666666667
5.346666666666667
5.346666666666667
5.346666666666667
5.346666666666667
5.346666666666667
5.346666666666667
5.346666666666667
5.346666666666667
5.346666666666667
5.346666666666667
5.346666666666667
5.346666666666667
5.346666666666667
5.346666666666667
5.346666666666667
5.346666666666667
5.346666666666667
5.346666666666667
5.346666666666667
5.346666666666667
5.346666666666667
5.346666666666667
5.346666666666667
5.346666666666667
5.346666666666667
5.346666666666667
5.346666666666667
5.346666666666667
5.346666666666667
5.346666666666667
5.346666666666667
5.346666666666667
5.346666666666667
5.346666666666667
5.346666666666667
5.346666666666667
5.346666666666667
5.346666666666667
5.346666666666667
5.346666666666667
5.346666666666667
5.346666666666667
5.346666666666667
5.346666666666667
5.346666666666667
5.346666666666667
5.346666666666667
5.346666666666667
5.346666666666667
5.346666666666667
5.346666666666667
5.346666666666667
167.97
167.97
167.97
167.97
167.97
167.97
167.97
167.97
167.97
167.97
167.97
167.97
167.97
167.97
167.97
167.97
167.97
167.97
167.97
167.97
167.97
167.97
167.97
167.97
167.97
167.97
167.97
167.97
167.97
167.97
167.97
167.97
167.97
167.97
167.97
167.97
167.97
167.97
167.97
167.97
167.97
167.97
167.97
167.97
167.97
167.97
167.97
167.97
167.97
167.97
167.97
167.97
167.97
167.97
167.97
167.97
167.97
167.97
167.97
167.97
179.70344827586206
176.53684210526316
179.70344827586206
176.35555555555555
179.70344827586206
176.53684210526316
179.70344827586206
176.3
179.70344827586206
179.70344827586206
179.70344827586206
179.70344827586206
179.70344827586206
179.70344827586206
179.70344827586206
179.70344827586206
179.70344827586206
179.70344827586206
179.70344827586206
179.70344827586206
179.70344827586206
179.70344827586206
179.70344827586206
179.70344827586206
179.70344827586206
179.70344827586206
179.70344827586206
179.70344827586206
179.70344827586206
179.70344827586206
176.53684210526316
176.53684210526316
176.53684210526316
176.53684210526316
176.53684210526316
176.53684210526316
176.53684210526316
176.53684210526316
176.53684210526316
176.53684210526316
179.10819783084895
179.70344827586206
179.70344827586206
176.53684210526316
176.53684210526316
179.70344827586206
176.3
176.53684210526316
176.35555555555555
176.35555555555555
176.35555555555555
176.35555555555555
176.35555555555555
176.35555555555555
176.35555555555555
176.35555555555555
176.53684210526316
176.53684210526316
176.53684210526316
176.53684210526316
5429.486666666667
5429.486666666667
5429.486666666667
5429.486666666667
5429.486666666667
5429.486666666667
5429.486666666667
5429.486666666667
5429.486666666667
5429.486666666667
5429.486666666667
5429.486666666667
5429.486666666667
5429.486666666667
5429.486666666667
5429.486666666667
5429.486666666667
5429.486666666667
5429.486666666667
5429.486666666667
5429.486666666667
5429.486666666667
5429.486666666667
5429.486666666667
5429.486666666667
5429.486666666667
5429.486666666667
5429.486666666667
5429.486666666667
5429.486666666667
5429.486666666667
5429.486666666667
5429.486666666667
5429.486666666667
5429.486666666667
5429.486666666667
5429.486666666667
5429.486666666667
5429.486666666667
5429.486666666667
5429.486666666667
5429.486666666667
5429.486666666667
5429.486666666667
5429.486666666667
5429.486666666667
5429.486666666667
5429.486666666667
5429.486666666667
5429.486666666667
5429.486666666667
5429.486666666667
5429.486666666667
5429.486666666667
5429.486666666667
5429.486666666667
5429.486666666667
5429.486666666667
5429.486666666667
5429.486666666667
1.0
1.0
1.0
1.0
1.0
1.0
1.0
1.0
1.0
1.0
1.0
1.0
1.0
1.0
1.0
1.0
1.0
1.0
1.0
1.0
1.0
1.0
1.0
1.0
1.0
1.0
1.0
1.0
1.0
1.0
1.0
1.0
1.0
1.0
1.0
1.0
1.0
1.0
1.0
1.0
1.0
1.0
1.0
1.0
1.0
1.0
1.0
1.0
1.0
1.0
1.0
1.0
1.0
1.0
1.0
1.0
1.0
1.0
1.0
1.0
20.228571428571428
20.323076923076922
20.323076923076922
20.228571428571428
20.323076923076922
20.323076923076922
20.323076923076922
20.323076923076922
20.323076923076922
20.323076923076922
20.323076923076922
20.323076923076922
20.323076923076922
20.323076923076922
20.323076923076922
20.323076923076922
20.228571428571428
20.323076923076922
20.323076923076922
20.228571428571428
20.228571428571428
20.228571428571428
20.228571428571428
20.228571428571428
20.228571428571428
20.228571428571428
20.228571428571428
20.228571428571428
20.228571428571428
20.323076923076922
20.323076923076922
20.323076923076922
20.228571428571428
20.323076923076922
20.323076923076922
20.228571428571428
20.228571428571428
20.323076923076922
20.323076923076922
20.323076923076922
20.323076923076922
20.228571428571428
20.323076923076922
20.323076923076922
20.323076923076922
20.323076923076922
20.323076923076922
20.323076923076922
20.323076923076922
20.323076923076922
20.228571428571428
20.323076923076922
20.323076923076922
20.323076923076922
20.323076923076922
20.323076923076922
20.323076923076922
20.228571428571428
20.228571428571428
20.228571428571428
1.0
1.0
1.0
1.0
1.0
1.0
1.0
1.0
1.0
1.0
1.0
1.0
1.0
1.0
1.0
1.0
1.0
1.0
1.0
1.0
1.0
1.0
1.0
1.0
1.0
1.0
1.0
1.0
1.0
1.0
1.0
1.0
1.0
1.0
1.0
1.0
1.0
1.0
1.0
1.0
1.0
1.0
1.0
1.0
1.0
1.0
1.0
1.0
1.0
1.0
1.0
1.0
1.0
1.0
1.0
1.0
1.0
1.0
1.0
1.0
319.1166666666667
319.1166666666667
319.1166666666667
319.1166666666667
319.1166666666667
319.1166666666667
319.1166666666667
319.1166666666667
319.1166666666667
319.1166666666667
319.1166666666667
319.1166666666667
319.1166666666667
319.1166666666667
319.1166666666667
319.1166666666667
319.1166666666667
319.1166666666667
319.1166666666667
319.1166666666667
319.1166666666667
319.1166666666667
319.1166666666667
319.1166666666667
319.1166666666667
319.1166666666667
319.1166666666667
319.1166666666667
319.1166666666667
319.1166666666667
319.1166666666667
319.1166666666667
319.1166666666667
319.1166666666667
319.1166666666667
319.1166666666667
319.1166666666667
319.1166666666667
319.1166666666667
319.1166666666667
319.1166666666667
319.1166666666667
319.1166666666667
319.1166666666667
319.1166666666667
319.1166666666667
319.1166666666667
319.1166666666667
319.1166666666667
319.1166666666667
319.1166666666667
319.1166666666667
319.1166666666667
319.1166666666667
319.1166666666667
319.1166666666667
319.1166666666667
319.1166666666667
319.1166666666667
319.1166666666667
1529.9366666666667
1529.9366666666667
1529.9366666666667
1529.9366666666667
1529.9366666666667
1529.9366666666667
1529.9366666666667
1529.9366666666667
1529.9366666666667
1529.9366666666667
1529.9366666666667
1529.9366666666667
1529.9366666666667
1529.9366666666667
1529.9366666666667
1529.9366666666667
1529.9366666666667
1529.9366666666667
1529.9366666666667
1529.9366666666667
1529.9366666666667
1529.9366666666667
1529.9366666666667
1529.9366666666667
1529.9366666666667
1529.9366666666667
1529.9366666666667
1529.9366666666667
1529.9366666666667
1529.9366666666667
1529.9366666666667
1529.9366666666667
1529.9366666666667
1529.9366666666667
1529.9366666666667
1529.9366666666667
1529.9366666666667
1529.9366666666667
1529.9366666666667
1529.9366666666667
1529.9366666666667
1529.9366666666667
1529.9366666666667
1529.9366666666667
1529.9366666666667
1529.9366666666667
1529.9366666666667
1529.9366666666667
1529.9366666666667
1529.9366666666667
1529.9366666666667
1529.9366666666667
1529.9366666666667
1529.9366666666667
1529.9366666666667
1529.9366666666667
1529.9366666666667
1529.9366666666667
1529.9366666666667
1529.9366666666667
106.99333333333334
106.99333333333334
106.99333333333334
106.99333333333334
106.99333333333334
106.99333333333334
106.99333333333334
106.99333333333334
106.99333333333334
106.99333333333334
106.99333333333334
106.99333333333334
106.99333333333334
106.99333333333334
106.99333333333334
106.99333333333334
106.99333333333334
106.99333333333334
106.99333333333334
106.99333333333334
106.99333333333334
106.99333333333334
106.99333333333334
106.99333333333334
106.99333333333334
106.99333333333334
106.99333333333334
106.99333333333334
106.99333333333334
106.99333333333334
106.99333333333334
106.99333333333334
106.99333333333334
106.99333333333334
106.99333333333334
106.99333333333334
106.99333333333334
106.99333333333334
106.99333333333334
106.99333333333334
106.99333333333334
106.99333333333334
106.99333333333334
106.99333333333334
106.99333333333334
106.99333333333334
106.99333333333334
106.99333333333334
106.99333333333334
106.99333333333334
106.99333333333334
106.99333333333334
106.99333333333334
106.99333333333334
106.99333333333334
106.99333333333334
106.99333333333334
106.99333333333334
106.99333333333334
106.99333333333334
1.0
1.0
1.0
1.0
1.0
1.0
1.0
1.0
1.0
1.0
1.0
1.0
1.0
1.0
1.0
1.0
1.0
1.0
1.0
1.0
1.0
1.0
1.0
1.0
1.0
1.0
1.0
1.0
1.0
1.0
1.0
1.0
1.0
1.0
1.0
1.0
1.0
1.0
1.0
1.0
1.0
1.0
1.0
1.0
1.0
1.0
1.0
1.0
1.0
1.0
1.0
1.0
1.0
1.0
1.0
1.0
1.0
1.0
1.0
1.0
1.9
5.344444444444444
1.9
1.9
5.344444444444444
1.9
1.9
1.9
1.9
5.344444444444444
5.344444444444444
1.9
1.9
5.344444444444444
1.9
5.344444444444444
1.9
1.9
5.344444444444444
1.9
5.344444444444444
1.9
1.9
1.9
1.9
1.9
5.344444444444444
5.344444444444444
1.9
1.9
5.344444444444444
1.9
0.6
1.9
5.344444444444444
1.9
1.9
1.9
1.9
1.9
5.344444444444444
1.9
5.344444444444444
1.9
1.9
1.9
1.9
1.9
1.9
5.344444444444444
1.9
5.344444444444444
5.344444444444444
0.6
1.9
1.9
1.9
5.344444444444444
1.9
1.9
34.346666666666664
34.346666666666664
34.346666666666664
34.346666666666664
34.346666666666664
34.346666666666664
34.346666666666664
34.346666666666664
34.346666666666664
34.346666666666664
34.346666666666664
34.346666666666664
34.346666666666664
34.346666666666664
34.346666666666664
34.346666666666664
34.346666666666664
34.346666666666664
34.346666666666664
34.346666666666664
34.346666666666664
34.346666666666664
34.346666666666664
34.346666666666664
34.346666666666664
34.346666666666664
34.346666666666664
34.346666666666664
34.346666666666664
34.346666666666664
34.346666666666664
34.346666666666664
34.346666666666664
34.346666666666664
34.346666666666664
34.346666666666664
34.346666666666664
34.346666666666664
34.346666666666664
34.346666666666664
34.346666666666664
34.346666666666664
34.346666666666664
34.346666666666664
34.346666666666664
34.346666666666664
34.346666666666664
34.346666666666664
34.346666666666664
34.346666666666664
34.346666666666664
34.346666666666664
34.346666666666664
34.346666666666664
34.346666666666664
34.346666666666664
34.346666666666664
34.346666666666664
34.346666666666664
34.346666666666664
239.68
239.68
239.68
239.68
239.68
239.68
239.68
239.68
239.68
239.68
239.68
239.68
239.68
239.68
239.68
239.68
239.68
239.68
239.68
239.68
239.68
239.68
239.68
239.68
239.68
239.68
239.68
239.68
239.68
239.68
239.68
239.68
239.68
239.68
239.68
239.68
239.68
239.68
239.68
239.68
239.68
239.68
239.68
239.68
239.68
239.68
239.68
239.68
239.68
239.68
239.68
239.68
239.68
239.68
239.68
239.68
239.68
239.68
239.68
239.68
57.86
57.86
57.86
57.86
57.86
57.86
57.86
57.86
57.86
57.86
57.86
57.86
57.86
57.86
57.86
57.86
57.86
57.86
57.86
57.86
57.86
57.86
57.86
57.86
57.86
57.86
57.86
57.86
57.86
57.86
57.86
57.86
57.86
57.86
57.86
57.86
57.86
57.86
57.86
57.86
57.86
57.86
57.86
57.86
57.86
57.86
57.86
57.86
57.86
57.86
57.86
57.86
57.86
57.86
57.86
57.86
57.86
57.86
57.86
57.86
1170.2
1170.2
1170.2
1170.2
1170.2
1170.2
1251.84
1251.84
999.8285714285714
1636.8
1636.8
829.6285714285714
1636.8
1636.8
829.6285714285714
881.4
999.8285714285714
881.4
1251.84
1636.8
1636.8
5620.619061368319
1636.8
1636.8
1636.8
829.6285714285714
829.6285714285714
1636.8
1636.8
1636.8
829.6285714285714
1170.2
1170.2
1251.84
881.4
923.8881075224837
881.4
500.6435334494244
881.4
1636.8
829.6285714285714
1636.8
829.6285714285714
1636.8
1170.2
1170.2
1251.84
999.8285714285714
881.4
999.8285714285714
881.4
881.4
999.8285714285714
999.8285714285714
881.4
1170.2
1170.2
999.8285714285714
881.4
881.4
