ex_time
50.00102862264265
13.000111294304766
13.000111294304766
13.098465703496387
18.001081953936183
13.098465703496387
12.000916991180738
13.000689363858333
13.998075372675663
13.000689363858333
21.00102269930062
13.047281758065452
13.000111294304766
13.098465703496387
13.000111294304766
13.000689363858333
13.000111294304766
12.04901444235497
13.047281758065452
13.000111294304766
13.000689363858333
14.000134175807919
13.000111294304766
14.00088030851118
253.9998678862798
13.000111294304766
13.000111294304766
12.99999999999926
13.000689363858333
13.000111294304766
13.047281758065452
27.143483227994228
19.99857919980893
13.000111294304766
20.000579199809003
13.000689363858333
14.000134175807919
13.000111294304766
13.098465703496387
13.000698930058315
13.000111294304766
21.00102269930062
13.000111294304766
13.000689363858333
13.000689363858333
13.000689363858333
260.0018678862798
13.000689363858333
17.000776367634206
12.999999999999087
12.999466930902626
17.000776367634206
15.000116656931421
12.999999999999087
13.000689363858333
12.999999999999087
13.000689363858333
13.000894533541935
13.000689363858333
13.000778697949162
13.000689363858333
13.000689363858333
13.000689363858333
13.000111294304766
13.047281758065452
13.000111294304766
13.000111294304766
14.000076726965723
12.999466930902626
13.000778697949162
14.998784334172704
13.000111294304766
20.000579199809003
13.000111294304766
13.000111294304766
13.000111294304766
13.000689363858333
13.047281758065452
13.000111294304766
30.99907751517538
13.000689363858333
13.000689363858333
13.000689363858333
18.001081953936183
13.000111294304766
18.001081953936183
13.000111294304766
18.99898721201877
13.000689363858333
13.000689363858333
13.000611448343143
13.000689363858333
14.000379852405075
12.99813412665328
13.000689363858333
13.000111294304766
16.000915017132208
13.000111294304766
13.000111294304766
21.00102269930062
13.000111294304766
15.000974515536424
13.000689363858333
12.000916991180738
19.99857919980893
58.00002252335365
12.039772281705009
14.998784334172704
17.000421556503436
12.999999999999087
21.00102269930062
13.000778697949162
13.047281758065452
13.000689363858333
12.998990682187856
13.047281758065452
12.000916991180738
13.000111294304766
13.047281758065452
18.001081953936183
13.047281758065452
13.998075372675663
12.999999999999087
13.000111294304766
14.00088030851118
21.00102269930062
14.998618189757622
13.00076251550069
14.000134175807919
14.000203033842489
13.000611448343143
13.000111294304766
20.000157603240975
18.001081953936183
12.000916991180738
12.000916991180738
13.000689363858333
13.000778697949162
21.00102269930062
13.047281758065452
12.999999999999087
13.000111294304766
30.99907751517538
18.001081953936183
12.999466930902626
13.000111294304766
13.000111294304766
13.000689363858333
13.000111294304766
13.047281758065452
13.000689363858333
13.000111294304766
12.999466930902626
13.000778697949162
13.000689363858333
13.000111294304766
13.000111294304766
13.000111294304766
12.000011708030058
13.000111294304766
13.000111294304766
13.000111294304766
20.000579199809003
13.000111294304766
13.000111294304766
21.00102269930062
13.000689363858333
12.99999999999926
13.000894533541935
13.000111294304766
18.001081953936183
18.001081953936183
13.000111294304766
13.000111294304766
13.000689363858333
13.098465703496387
13.000111294304766
13.000689363858333
14.000134175807919
17.22341742643564
13.000698930058315
13.000689363858333
13.000689363858333
13.000111294304766
13.000111294304766
18.001081953936183
13.000111294304766
18.001081953936183
13.000689363858333
13.998075372675663
13.000111294304766
20.000579199809003
14.998618189757622
18.001081953936183
12.000916991180738
12.999999999999087
12.000916991180738
13.000111294304766
13.000111294304766
13.000689363858333
13.047281758065452
13.000111294304766
13.000111294304766
12.999999999999087
13.000111294304766
13.000111294304766
13.998084274267324
21.00102269930062
13.000111294304766
13.000111294304766
13.000111294304766
13.047281758065452
13.000111294304766
12.998990682187856
13.998075372675663
13.000241893447594
20.000579199809003
13.000689363858333
13.000111294304766
13.047281758065452
13.098465703496387
13.098465703496387
13.000111294304766
13.001037674811714
13.000689363858333
13.000689363858333
12.999466930902626
113.1571986666438
13.000111294304766
13.000111294304766
13.000689363858333
13.998075372675663
13.000111294304766
13.998075372675663
13.000111294304766
13.998084274267324
13.000689363858333
13.000959936088076
13.000689363858333
13.000111294304766
13.000111294304766
13.000689363858333
13.047281758065452
13.000111294304766
12.000916991180738
20.000579199809003
13.000689363858333
13.000111294304766
13.098465703496387
13.000111294304766
12.000916991180738
13.000689363858333
13.000111294304766
13.047281758065452
13.000689363858333
13.000111294304766
13.000111294304766
13.047281758065452
13.000689363858333
13.000689363858333
50.00102862264265
12.99813412665328
12.999999999999087
13.000111294304766
13.000689363858333
13.000111294304766
13.000111294304766
13.000111294304766
12.000916991180738
13.000111294304766
13.000111294304766
12.000011708030058
13.000111294304766
14.000134175807919
12.998010818673382
20.000579199809003
13.000111294304766
21.00102269930062
13.000111294304766
13.000689363858333
13.000689363858333
12.001455345105907
13.000111294304766
13.000111294304766
12.999999999999087
13.000111294304766
13.098465703496387
21.998187162038906
13.000778697949162
13.000111294304766
14.000134175807919
13.998084274267324
13.000111294304766
13.000111294304766
13.000111294304766
13.000111294304766
13.000111294304766
13.000698930058315
14.000134175807919
13.047281758065452
18.001081953936183
18.001081953936183
13.000111294304766
13.000111294304766
14.998784334172704
13.000111294304766
13.000111294304766
13.000124865942908
13.000689363858333
13.047281758065452
13.000778697949162
13.000111294304766
13.000111294304766
13.000111294304766
13.000111294304766
13.000111294304766
13.098465703496387
13.000689363858333
13.047281758065452
13.000689363858333
13.000689363858333
13.000689363858333
13.047281758065452
13.098465703496387
13.000111294304766
21.00102269930062
18.001081953936183
20.000579199809003
13.000111294304766
13.000689363858333
12.000916991180738
13.000689363858333
13.047281758065452
13.000689363858333
63.00006825054838
13.000111294304766
13.000111294304766
13.000111294304766
13.047281758065452
18.001081953936183
13.000689363858333
13.000689363858333
773.4092951700409
13.000689363858333
13.000959936088076
21.00102269930062
13.000111294304766
13.000689363858333
13.000111294304766
13.000111294304766
13.000111294304766
13.000689363858333
13.000689363858333
13.047281758065452
13.000111294304766
18.001081953936183
13.000111294304766
13.047281758065452
13.000689363858333
13.000111294304766
12.998990682187856
13.998075372675663
13.000111294304766
13.000689363858333
13.047281758065452
13.047281758065452
13.000689363858333
21.00102269930062
13.000111294304766
13.000111294304766
13.047281758065452
21.99802702913651
21.00102269930062
21.00102269930062
13.000689363858333
13.000111294304766
14.000134175807919
13.000111294304766
13.000111294304766
13.000111294304766
14.999102930821572
13.000959936088076
19.99857919980893
13.000111294304766
13.000689363858333
19.000846700460983
13.000689363858333
13.000689363858333
12.999999999999087
13.098465703496387
13.047281758065452
13.000689363858333
12.001455345105907
13.000111294304766
13.998084274267324
16.000915017132208
20.000579199809003
13.000111294304766
13.998697150083174
72.10546371368594
13.000111294304766
13.047281758065452
13.000111294304766
13.000689363858333
13.000111294304766
13.047281758065452
13.000111294304766
13.000111294304766
12.999999999999087
13.000689363858333
13.000111294304766
12.999999999999087
13.000689363858333
13.000111294304766
21.00102269930062
13.047281758065452
13.000111294304766
13.047281758065452
13.000689363858333
13.000894533541935
12.000916991180738
13.000778697949162
12.999999999999087
21.00102269930062
13.000689363858333
13.000111294304766
30.99907751517538
13.000689363858333
13.000111294304766
13.000111294304766
13.998075372675663
13.000111294304766
13.047281758065452
13.000111294304766
13.000111294304766
13.000111294304766
13.000111294304766
12.999999999999087
13.000111294304766
13.000111294304766
13.000689363858333
13.000111294304766
13.000111294304766
13.000111294304766
12.998990682187856
18.001081953936183
14.000991437100037
13.000111294304766
13.047281758065452
13.000689363858333
13.000778697949162
13.000111294304766
13.000689363858333
12.999999999999087
12.999999999999087
13.000111294304766
13.000959936088076
30.99907751517538
19.99857919980893
15.000974515536424
12.999999999999087
13.000111294304766
13.000111294304766
13.047281758065452
13.000689363858333
13.000111294304766
16.000915017132208
13.000111294304766
12.000916991180738
854.9995737722717
12.999999999999087
13.000111294304766
13.000111294304766
13.000111294304766
13.000111294304766
13.000689363858333
13.000778697949162
13.000111294304766
13.000111294304766
18.001081953936183
12.000916991180738
13.000689363858333
13.000111294304766
13.998075372675663
13.000611448343143
13.000689363858333
13.000111294304766
13.000111294304766
13.000111294304766
220.03920050937685
13.000778697949162
16.000694262662968
12.999999999999087
13.998084274267324
13.000111294304766
13.000111294304766
13.047281758065452
12.000916991180738
13.000689363858333
14.00088030851118
21.99909131281603
20.000579199809003
20.000579199809003
13.000111294304766
17.000776367634206
13.000689363858333
12.999999999999087
246.0171391729241
12.999999999999087
13.000111294304766
13.000111294304766
12.00012338008089
13.998075372675663
12.999999999999087
13.000111294304766
20.000579199809003
13.000111294304766
13.000111294304766
14.998784334172704
13.000611448343143
13.000111294304766
13.000111294304766
13.000111294304766
13.000689363858333
13.000111294304766
13.000689363858333
13.000111294304766
12.000011708030058
21.00102269930062
27.998933807007408
15.000805273114763
13.000111294304766
13.000111294304766
13.000851955680492
13.000689363858333
13.000959936088076
12.999999999999087
12.999466930902626
13.000689363858333
12.999999999999087
12.999999999999087
13.000689363858333
253.9998678862798
13.000111294304766
13.047281758065452
12.999999999999087
18.001081953936183
13.000111294304766
13.000111294304766
12.999999999999087
13.098465703496387
18.001081953936183
18.001081953936183
13.000111294304766
13.000111294304766
14.000134175807919
14.998784334172704
16.998966972164467
12.99813412665328
13.000894533541935
13.000111294304766
253.9998678862798
14.00088030851118
13.000111294304766
12.999999999999087
14.998784334172704
13.047281758065452
13.000111294304766
13.000689363858333
13.000851955680492
13.000111294304766
13.000111294304766
13.000111294304766
13.000111294304766
13.000111294304766
14.00088030851118
13.000689363858333
13.000689363858333
18.001081953936183
13.000111294304766
13.000111294304766
12.99813412665328
13.000111294304766
13.000689363858333
13.000111294304766
13.000111294304766
19.99857919980893
13.000957367834266
12.999999999999087
15.998260903940642
13.000111294304766
13.000111294304766
13.000111294304766
14.000379852405075
13.000111294304766
12.99999999999926
12.99813412665328
13.000689363858333
14.000134175807919
30.99889789014451
25.998269768744663
13.000111294304766
13.000111294304766
13.000111294304766
14.00088030851118
12.999999999999087
13.000689363858333
13.000111294304766
13.000111294304766
20.000579199809003
21.00102269930062
13.000111294304766
13.000111294304766
13.000111294304766
13.000111294304766
13.047281758065452
13.000111294304766
12.999999999999087
16.998124278709703
13.000689363858333
12.000011708030058
13.000111294304766
13.000111294304766
13.000111294304766
13.000111294304766
22.99838620213366
13.998075372675663
13.000111294304766
13.000689363858333
13.047281758065452
13.000111294304766
13.998084274267324
21.00102269930062
18.001081953936183
20.000579199809003
13.000111294304766
13.000689363858333
13.000689363858333
17.000421556503436
13.047281758065452
14.000134175807919
13.000611448343143
13.000689363858333
13.000111294304766
13.000959936088076
13.000111294304766
13.000111294304766
222.83693363209395
14.00088030851118
13.000111294304766
13.047281758065452
13.000111294304766
13.000111294304766
13.000111294304766
13.000698930058315
21.00102269930062
13.000111294304766
13.047281758065452
20.000579199809003
18.001081953936183
13.000689363858333
12.000916991180738
13.000111294304766
13.000111294304766
13.000778697949162
13.000111294304766
13.000111294304766
13.000111294304766
13.000689363858333
14.000134175807919
13.000689363858333
12.999999999999087
14.000820329281629
18.001081953936183
13.047281758065452
12.999999999999087
13.000111294304766
13.000778697949162
13.000111294304766
13.000111294304766
12.000011708030058
13.047281758065452
13.000111294304766
13.000111294304766
12.999999999999087
18.001081953936183
13.047281758065452
13.000111294304766
12.000011708030058
13.000111294304766
13.047281758065452
13.000111294304766
12.000011708030058
13.000111294304766
13.000111294304766
13.000778697949162
18.001081953936183
14.998618189757622
13.000689363858333
13.998075372675663
13.047281758065452
13.047281758065452
12.001455345105907
13.000111294304766
13.000111294304766
14.000203033842489
12.999466930902626
13.000689363858333
13.000111294304766
13.000111294304766
13.000111294304766
13.000111294304766
13.000111294304766
13.000111294304766
13.000689363858333
13.098465703496387
13.047281758065452
13.000111294304766
13.000851955680492
13.000111294304766
18.001081953936183
13.000111294304766
13.000111294304766
13.000111294304766
12.998990682187856
26.000629178798643
13.000111294304766
18.001081953936183
15.000974515536424
13.998075372675663
13.000689363858333
13.000689363858333
16.000694262662968
13.000111294304766
13.000111294304766
13.000111294304766
18.001081953936183
12.998990682187856
13.000111294304766
13.000111294304766
13.000689363858333
13.000111294304766
13.000111294304766
13.000111294304766
13.000111294304766
13.000111294304766
13.000689363858333
13.000111294304766
13.000689363858333
13.000111294304766
13.000111294304766
13.000111294304766
13.998075372675663
13.047281758065452
13.000111294304766
13.000111294304766
13.000111294304766
13.000689363858333
21.00102269930062
13.000111294304766
13.000111294304766
14.000379852405075
13.000111294304766
21.00102269930062
13.000111294304766
14.00088030851118
13.000111294304766
12.999999999999087
13.000689363858333
12.99813412665328
13.000111294304766
13.000111294304766
64.00199754182135
13.000111294304766
13.000959936088076
13.000689363858333
260.0018678862798
13.000241893447594
12.999999999999087
14.000134175807919
12.99813412665328
13.000689363858333
13.000689363858333
13.000689363858333
13.000689363858333
15.000974515536424
13.000111294304766
13.000957367834266
13.000778697949162
13.000111294304766
13.000111294304766
13.000894533541935
13.000851955680492
299.2930856433473
13.000689363858333
13.000611448343143
13.047281758065452
13.000111294304766
13.047281758065452
13.000111294304766
13.000111294304766
13.047281758065452
13.047281758065452
13.000111294304766
20.000579199809003
13.998084274267324
13.000111294304766
13.000111294304766
21.00102269930062
13.000111294304766
13.047281758065452
13.000111294304766
20.000157603240975
13.000778697949162
13.047281758065452
18.001081953936183
13.000111294304766
13.047281758065452
13.000689363858333
13.000111294304766
13.047281758065452
13.098465703496387
13.047281758065452
13.000111294304766
12.999999999999087
13.000111294304766
21.00102269930062
21.00102269930062
13.000111294304766
15.000974515536424
13.000111294304766
13.000111294304766
13.000111294304766
13.000689363858333
13.000111294304766
13.998084274267324
87.86857274348078
12.00012338008089
13.000689363858333
13.000111294304766
13.000111294304766
13.000111294304766
19.99857919980893
12.999466930902626
13.000111294304766
13.000111294304766
16.000915017132208
12.999999999999087
13.000111294304766
13.000778697949162
13.000778697949162
13.000689363858333
13.000689363858333
13.047281758065452
12.999999999999087
13.047281758065452
13.000111294304766
13.000111294304766
12.999999999999087
12.999999999999087
12.000916991180738
13.000894533541935
13.000111294304766
13.000111294304766
13.000778697949162
72.06563156053683
13.000111294304766
13.000111294304766
13.000111294304766
12.000916991180738
13.000689363858333
13.000111294304766
13.000689363858333
16.000915017132208
13.000111294304766
20.000579199809003
13.000111294304766
13.000111294304766
14.000134175807919
12.998990682187856
13.000111294304766
12.998010818673382
13.000111294304766
13.000111294304766
13.000689363858333
12.999466930902626
13.000111294304766
12.000011708030058
13.000111294304766
14.000134175807919
13.000689363858333
13.000689363858333
13.000851955680492
12.000011708030058
13.000111294304766
14.000134175807919
17.000776367634206
21.00102269930062
13.000611448343143
13.000959936088076
14.000134175807919
13.000689363858333
13.000689363858333
13.000111294304766
13.000689363858333
13.000111294304766
13.000111294304766
13.998084274267324
13.000689363858333
13.998075372675663
22.998225893132183
12.999999999999087
12.999466930902626
13.047281758065452
13.000111294304766
13.000111294304766
14.998618189757622
13.000111294304766
13.000689363858333
12.001455345105907
13.000111294304766
21.00102269930062
13.000689363858333
12.999999999999087
13.000959936088076
253.9998678862798
13.047281758065452
13.047281758065452
21.00102269930062
13.000778697949162
14.998784334172704
12.999999999999087
13.000111294304766
14.000134175807919
13.047281758065452
13.098465703496387
13.000778697949162
13.000778697949162
14.000134175807919
13.047281758065452
13.000689363858333
20.000579199809003
18.001081953936183
13.000778697949162
18.001081953936183
13.000689363858333
13.998075372675663
13.000689363858333
13.000111294304766
13.000111294304766
13.000111294304766
13.000111294304766
13.000111294304766
13.000111294304766
12.998010818673382
13.000111294304766
18.083633817593523
13.000111294304766
13.000111294304766
12.000916991180738
13.000111294304766
12.999999999999087
13.000111294304766
18.001081953936183
12.000916991180738
14.000134175807919
13.000698930058315
13.000111294304766
18.001081953936183
13.000111294304766
13.000611448343143
12.043630069619056
13.000689363858333
13.000111294304766
13.000111294304766
13.000111294304766
14.000134175807919
13.000689363858333
13.000111294304766
15.000974515536424
13.000111294304766
13.000111294304766
13.000111294304766
13.000111294304766
13.047281758065452
13.000778697949162
13.000111294304766
13.000111294304766
13.047281758065452
12.99813412665328
18.001081953936183
13.000111294304766
13.000111294304766
13.000851955680492
15.001552845408499
13.000689363858333
30.99907751517538
12.999999999999087
13.99529797041097
13.000111294304766
13.000111294304766
13.998075372675663
13.000111294304766
13.000778697949162
13.098465703496387
13.000111294304766
13.000689363858333
14.998784334172704
13.047281758065452
20.000579199809003
12.000011708030058
13.998084274267324
13.000111294304766
13.000111294304766
14.00088030851118
13.000111294304766
12.999999999999087
13.000611448343143
14.000134175807919
13.000689363858333
13.047281758065452
13.000111294304766
13.000111294304766
18.001081953936183
12.999999999999087
13.000959936088076
13.000111294304766
13.000111294304766
14.998784334172704
13.000111294304766
22.998917122640435
13.000111294304766
13.000111294304766
18.001081953936183
13.000111294304766
13.000611448343143
253.9998678862798
12.000011708030058
12.001455345105907
13.000111294304766
13.000111294304766
13.000111294304766
13.000111294304766
13.000111294304766
21.00102269930062
13.000689363858333
12.000916991180738
13.000111294304766
13.000111294304766
12.999999999999087
12.000916991180738
12.999466930902626
13.000111294304766
19.99857919980893
13.000111294304766
13.000111294304766
13.000111294304766
13.000111294304766
14.998618189757622
13.000111294304766
13.000611448343143
13.000111294304766
13.047281758065452
13.098465703496387
13.047281758065452
13.000111294304766
13.000111294304766
18.001081953936183
13.000111294304766
13.000111294304766
14.998784334172704
13.000111294304766
13.000689363858333
13.000111294304766
13.000111294304766
12.999999999999087
12.999999999999087
12.00012338008089
30.99889789014451
13.000111294304766
13.000689363858333
13.000111294304766
13.047281758065452
16.000694262662968
13.000111294304766
12.99999999999926
13.098465703496387
18.001081953936183
13.047281758065452
14.000134175807919
13.998075372675663
13.000778697949162
13.000111294304766
13.000689363858333
13.998075372675663
12.000011708030058
13.000689363858333
13.098465703496387
18.001081953936183
15.000974515536424
14.000983994118439
13.000111294304766
13.000111294304766
13.998075372675663
13.000689363858333
20.000579199809003
13.000957367834266
13.000111294304766
13.000689363858333
13.047281758065452
13.047281758065452
21.00102269930062
13.000689363858333
13.000689363858333
13.000111294304766
13.000111294304766
14.000134175807919
13.000111294304766
13.000111294304766
13.000689363858333
72.10546371368594
13.000689363858333
13.000894533541935
13.000111294304766
13.000851955680492
13.047281758065452
14.000134175807919
13.000778697949162
13.000111294304766
77.99868949798828
13.998075372675663
13.000111294304766
12.999466930902626
13.00076251550069
12.000916991180738
13.000111294304766
13.000894533541935
13.047281758065452
13.000689363858333
13.000111294304766
13.000689363858333
13.000111294304766
13.998084274267324
13.000111294304766
13.000111294304766
12.000011708030058
13.000689363858333
13.047281758065452
15.000805273114763
13.000111294304766
13.998075372675663
13.000111294304766
13.000689363858333
13.000111294304766
20.000579199809003
13.000689363858333
13.000689363858333
13.000111294304766
18.001081953936183
12.000011708030058
13.000778697949162
13.047281758065452
17.000776367634206
13.000778697949162
12.999999999999087
14.000134175807919
13.000111294304766
16.000915017132208
13.000111294304766
13.000689363858333
21.00102269930062
15.000899607387241
18.001081953936183
14.00088030851118
13.000111294304766
13.000689363858333
13.000689363858333
13.998075372675663
13.000111294304766
13.000689363858333
13.000111294304766
13.000111294304766
13.000111294304766
13.000111294304766
13.000111294304766
13.000111294304766
13.000111294304766
13.000111294304766
14.000134175807919
13.000689363858333
13.047281758065452
13.000689363858333
13.000689363858333
13.000689363858333
13.000689363858333
13.000111294304766
13.998075372675663
13.047281758065452
19.000846700460983
13.000111294304766
13.000111294304766
13.000111294304766
13.000111294304766
18.001081953936183
10038.702547930996
13.998084274267324
12.99813412665328
13.000111294304766
20.000941044185005
13.000111294304766
13.047281758065452
12.99813412665328
13.001037674811714
12.998990682187856
13.000111294304766
17.000776367634206
13.000111294304766
21.00102269930062
12.999999999999087
18.001081953936183
40.998223674571534
12.000011708030058
13.000111294304766
21.00102269930062
18.001081953936183
13.000111294304766
12.001455345105907
13.000111294304766
12.999999999999087
21.00102269930062
13.000111294304766
13.000111294304766
18.001081953936183
13.000689363858333
13.047281758065452
13.098465703496387
14.000134175807919
13.047281758065452
13.00076251550069
12.999999999999087
13.998075372675663
13.000111294304766
13.000689363858333
12.000916991180738
13.047281758065452
13.000894533541935
30.99907751517538
14.000134175807919
13.000111294304766
12.998386335910677
13.000111294304766
13.000111294304766
13.000689363858333
18.001081953936183
13.000959936088076
13.000111294304766
13.000111294304766
13.000111294304766
12.999999999999087
13.000111294304766
13.000689363858333
13.047281758065452
13.000111294304766
13.000111294304766
13.000111294304766
13.000111294304766
14.998784334172704
13.000111294304766
13.000111294304766
13.000689363858333
9959.297452069004
13.000111294304766
15.000974515536424
13.000111294304766
13.998075372675663
13.000111294304766
13.000689363858333
18.001081953936183
13.000111294304766
13.000689363858333
13.047281758065452
16.000915017132208
14.000391137283062
13.000689363858333
14.000134175807919
19.99857919980893
13.000111294304766
18.001081953936183
20.000013856537407
18.001081953936183
12.999999999999087
13.000778697949162
13.000111294304766
13.000689363858333
13.000689363858333
14.998618189757622
13.000111294304766
21.00102269930062
14.00088030851118
13.000778697949162
13.000111294304766
12.999999999999087
17.000776367634206
13.000111294304766
13.000111294304766
13.000689363858333
18.001081953936183
20.000579199809003
13.000689363858333
13.998084274267324
13.000689363858333
13.000689363858333
14.000134175807919
13.000111294304766
12.99813412665328
13.047281758065452
13.000111294304766
13.000111294304766
13.000111294304766
12.999999999999087
13.000111294304766
13.000957367834266
13.000111294304766
13.000111294304766
16.000694262662968
13.000111294304766
13.000111294304766
12.000011708030058
13.000957367834266
13.000689363858333
13.098465703496387
13.000111294304766
13.000111294304766
19.99857919980893
12.999999999999087
13.000111294304766
13.000689363858333
13.000689363858333
13.000111294304766
13.000111294304766
13.153999481930839
13.000111294304766
13.000111294304766
21.00102269930062
12.001455345105907
13.047281758065452
13.000778697949162
13.000111294304766
13.000111294304766
12.999999999999087
12.998990682187856
20.000579199809003
13.000111294304766
56.000031119283975
13.000111294304766
13.098465703496387
13.000689363858333
12.000916991180738
13.047281758065452
778.869843474682
13.000111294304766
13.000241893447594
13.000689363858333
13.047281758065452
13.098465703496387
21.00102269930062
13.000111294304766
13.000111294304766
12.000916991180738
21.00102269930062
20.000579199809003
12.000011708030058
13.000689363858333
13.047281758065452
14.998784334172704
14.000134175807919
13.000689363858333
13.000851955680492
13.001037674811714
13.000111294304766
13.000111294304766
13.509884420957402
13.000689363858333
20.000579199809003
13.000111294304766
13.000689363858333
13.000689363858333
12.000011708030058
13.000111294304766
12.999466930902626
13.000111294304766
13.000689363858333
13.000111294304766
13.000111294304766
13.098465703496387
13.000611448343143
14.999102930821572
13.000111294304766
13.047281758065452
17.000776367634206
12.000916991180738
13.000111294304766
13.000111294304766
13.998084274267324
13.000689363858333
13.000111294304766
13.000689363858333
13.047281758065452
13.000689363858333
18.001081953936183
13.998075372675663
13.000111294304766
13.000689363858333
12.000260057394609
13.000111294304766
12.000916991180738
13.000111294304766
18.001081953936183
13.998075372675663
18.001081953936183
12.000916991180738
13.000111294304766
13.000111294304766
14.000134175807919
13.000689363858333
13.000111294304766
16.998966972164467
13.000111294304766
12.999999999999087
13.000111294304766
13.047281758065452
13.000689363858333
50.00102862264265
13.000111294304766
13.000111294304766
13.000111294304766
13.047281758065452
17.00005156012099
13.000689363858333
17.000776367634206
12.999999999999087
13.000111294304766
12.000916991180738
19.99857919980893
12.998990682187856
13.000111294304766
13.000111294304766
14.998784334172704
13.000111294304766
13.000689363858333
13.000111294304766
12.000916991180738
13.000111294304766
13.000111294304766
12.999999999999087
13.000689363858333
13.047281758065452
64.00199754182135
13.000111294304766
12.000916991180738
12.99999999999926
13.000959936088076
13.000111294304766
13.000111294304766
13.000111294304766
13.000111294304766
13.000111294304766
13.047281758065452
13.000111294304766
14.000134175807919
14.000134175807919
13.000111294304766
13.000689363858333
13.000111294304766
14.000983994118439
12.000011708030058
13.000111294304766
15.000820329281627
13.047281758065452
16.000949636793116
13.000111294304766
13.000111294304766
18.001081953936183
13.000689363858333
13.000111294304766
13.000111294304766
13.000111294304766
13.047281758065452
13.000111294304766
13.047281758065452
18.001081953936183
13.000111294304766
13.000111294304766
13.047281758065452
13.000689363858333
13.000111294304766
13.000111294304766
13.000689363858333
12.04901444235497
14.00088030851118
18.001081953936183
13.000689363858333
13.000111294304766
13.000111294304766
13.000111294304766
13.000111294304766
13.000778697949162
14.000134175807919
12.999999999999087
13.000111294304766
12.99813412665328
12.999999999999087
13.000111294304766
13.000689363858333
13.000111294304766
13.000111294304766
13.047281758065452
14.00088030851118
13.000851955680492
12.999999999999087
13.000111294304766
18.001081953936183
13.000111294304766
12.999999999999087
13.000111294304766
12.043630069619056
13.047281758065452
13.000959936088076
14.998784334172704
13.998075372675663
19.99857919980893
13.000111294304766
12.999999999999087
13.000689363858333
13.000111294304766
13.000111294304766
13.998075372675663
13.000894533541935
13.047281758065452
13.000111294304766
13.000111294304766
14.000134175807919
13.000111294304766
21.00102269930062
13.000111294304766
13.000111294304766
14.000415034722925
13.000111294304766
13.000111294304766
15.001000157029292
13.000111294304766
13.000111294304766
13.000111294304766
260.08994118632114
12.99999999999926
13.000111294304766
40.998223674571534
13.000894533541935
17.000776367634206
13.000689363858333
12.000916991180738
13.000689363858333
13.000111294304766
12.000916991180738
13.000689363858333
16.000915017132208
13.000241893447594
13.000111294304766
13.000111294304766
12.000916991180738
13.000111294304766
13.000689363858333
13.000111294304766
73.19901454527485
13.000689363858333
13.000111294304766
13.000111294304766
13.000111294304766
13.047281758065452
13.098465703496387
12.000916991180738
13.000111294304766
18.001081953936183
50.00102862264265
13.000689363858333
13.098465703496387
13.000111294304766
13.047281758065452
13.000689363858333
13.098465703496387
13.000111294304766
13.000111294304766
13.000689363858333
15.001552845408499
13.000111294304766
12.000916991180738
773.4092951700409
15.000482169927235
13.000111294304766
12.99813412665328
13.098465703496387
20.000579199809003
12.000916991180738
12.999999999999087
13.000111294304766
13.000111294304766
13.000111294304766
13.000689363858333
13.000111294304766
13.000689363858333
13.000111294304766
13.000111294304766
13.047281758065452
20.000579199809003
13.000111294304766
13.047281758065452
13.000689363858333
13.000851955680492
12.99999999999926
14.000134175807919
22.998870761359235
18.001081953936183
13.998075372675663
13.000111294304766
14.00088030851118
13.001037674811714
13.000111294304766
12.999999999999087
13.000689363858333
222.83693363209395
13.000111294304766
12.998010818673382
13.000111294304766
13.000111294304766
18.001081953936183
13.000111294304766
13.000111294304766
13.000111294304766
13.047281758065452
13.000111294304766
13.000689363858333
13.000111294304766
13.000111294304766
13.000111294304766
13.000111294304766
13.000689363858333
13.000111294304766
12.000916991180738
21.51054021040065
13.000111294304766
13.000111294304766
13.000111294304766
13.000689363858333
13.000111294304766
13.000689363858333
12.000916991180738
13.000111294304766
19.14280692060864
13.000689363858333
16.000915017132208
13.000111294304766
13.000778697949162
13.000111294304766
13.000111294304766
13.000111294304766
13.998084274267324
13.000689363858333
14.00088030851118
13.000689363858333
13.000689363858333
13.000698930058315
13.000111294304766
13.000894533541935
14.998618189757622
13.000111294304766
14.000134175807919
50.00102862264265
13.000689363858333
13.047281758065452
13.000111294304766
13.000111294304766
19.99857919980893
12.998010818673382
13.000111294304766
13.998075372675663
13.000111294304766
13.000689363858333
13.000111294304766
13.000689363858333
13.000111294304766
18.001081953936183
13.000111294304766
13.000111294304766
21.00102269930062
13.000111294304766
13.000111294304766
13.047281758065452
18.001081953936183
13.998075372675663
13.047281758065452
13.000689363858333
13.000689363858333
13.000111294304766
13.000111294304766
13.000111294304766
13.000111294304766
13.000111294304766
13.000689363858333
13.000111294304766
13.998084274267324
14.000134175807919
13.000689363858333
17.000559899916606
13.000111294304766
14.000134175807919
13.000111294304766
13.047281758065452
13.000111294304766
13.000111294304766
17.000776367634206
13.047281758065452
20.000579199809003
13.000111294304766
16.000915017132208
13.001037674811714
13.000111294304766
13.000689363858333
13.000111294304766
12.99813412665328
13.000111294304766
21.00102269930062
17.000776367634206
13.047281758065452
13.000111294304766
12.000916991180738
15.000974515536424
13.000111294304766
13.000111294304766
13.000111294304766
14.000134175807919
18.001081953936183
13.098465703496387
13.000111294304766
13.000111294304766
12.999999999999087
18.001081953936183
12.000011708030058
13.000241893447594
13.001037674811714
13.000689363858333
13.000111294304766
13.000111294304766
13.000111294304766
13.000689363858333
18.001081953936183
113.29541045493413
13.000111294304766
13.000111294304766
15.998260903940642
13.000111294304766
856.9995737722714
18.001081953936183
13.047281758065452
12.043630069619056
13.000111294304766
13.000111294304766
13.998084274267324
12.99813412665328
13.000778697949162
13.000111294304766
13.000111294304766
13.000111294304766
13.000111294304766
13.998075372675663
13.047281758065452
13.047281758065452
13.998084274267324
13.000689363858333
14.000134175807919
12.00012338008089
14.00088030851118
13.000689363858333
18.998788964285517
13.047281758065452
13.000851955680492
13.047281758065452
20.000013856537407
13.000851955680492
12.000916991180738
14.998784334172704
13.000689363858333
15.001000157029292
12.000916991180738
13.000111294304766
18.001081953936183
13.000111294304766
13.000689363858333
13.000111294304766
13.047281758065452
13.000111294304766
13.000689363858333
14.999102930821572
19.000846700460983
13.000851955680492
12.998990682187856
13.998075372675663
12.999999999999087
13.000957367834266
16.998124278709703
13.000111294304766
13.000111294304766
13.000111294304766
13.047281758065452
18.001081953936183
14.000134175807919
13.99529797041097
13.000111294304766
13.000689363858333
12.99813412665328
14.000134175807919
13.000689363858333
13.998084274267324
13.000111294304766
25.99863473340054
13.998084274267324
12.043630069619056
18.001081953936183
13.000111294304766
13.000689363858333
13.000778697949162
13.998084274267324
12.999999999999087
13.000611448343143
13.000111294304766
13.000111294304766
13.000111294304766
30.99907751517538
13.000111294304766
13.047281758065452
13.000111294304766
13.000689363858333
13.000111294304766
13.000689363858333
13.000111294304766
13.000111294304766
21.00102269930062
18.001081953936183
12.000916991180738
14.949928410042697
13.000689363858333
14.000134175807919
13.000689363858333
13.000689363858333
13.000111294304766
13.000111294304766
260.0886676443073
13.000689363858333
13.000111294304766
20.000579199809003
13.000689363858333
13.000851955680492
13.000689363858333
13.000111294304766
13.047281758065452
13.000689363858333
14.00088030851118
13.047281758065452
12.000916991180738
13.000111294304766
13.000111294304766
18.001081953936183
13.000111294304766
13.000111294304766
14.000134175807919
12.999466930902626
13.000111294304766
13.000894533541935
16.000915017132208
13.047281758065452
13.000689363858333
13.098465703496387
12.999999999999087
13.000689363858333
13.000111294304766
13.000689363858333
13.000894533541935
12.999466930902626
13.000689363858333
13.000111294304766
13.000111294304766
13.000111294304766
13.047281758065452
13.000111294304766
17.000776367634206
16.000694262662968
13.000778697949162
13.000111294304766
12.998386335910677
13.047281758065452
13.000689363858333
13.998075372675663
20.000579199809003
12.999999999999087
13.047281758065452
12.001455345105907
12.999999999999087
13.000689363858333
18.001081953936183
13.000111294304766
13.047281758065452
13.000111294304766
13.000111294304766
12.000726853836376
13.000778697949162
13.000778697949162
12.000916991180738
13.000689363858333
13.000111294304766
13.000689363858333
14.999102930821572
13.000111294304766
13.99529797041097
18.001081953936183
12.999999999999087
13.000689363858333
13.000111294304766
13.098465703496387
18.001081953936183
13.000894533541935
13.998820902159867
18.001081953936183
21.00102269930062
13.000111294304766
13.047281758065452
13.000111294304766
13.000111294304766
18.001081953936183
13.000689363858333
12.999999999999087
13.000111294304766
13.000689363858333
12.999999999999087
13.000111294304766
13.000111294304766
12.000011708030058
14.998784334172704
13.000111294304766
13.000111294304766
13.000611448343143
13.000111294304766
13.000111294304766
13.000778697949162
14.998784334172704
13.047281758065452
13.509884420957402
14.000134175807919
13.000111294304766
13.000778697949162
13.000111294304766
13.000111294304766
13.000689363858333
21.00102269930062
18.998788964285517
260.0886676443073
13.000111294304766
13.000111294304766
13.000689363858333
13.000111294304766
13.000689363858333
12.001455345105907
13.000111294304766
13.000611448343143
13.000778697949162
13.000111294304766
12.999466930902626
21.51054021040065
18.001081953936183
14.00088030851118
12.999466930902626
13.000689363858333
12.999999999999087
13.000111294304766
13.000689363858333
13.000689363858333
14.000134175807919
52322.5
20.000579199809003
13.000111294304766
13.000689363858333
20.000579199809003
13.000111294304766
13.000689363858333
13.047281758065452
13.000689363858333
13.000111294304766
13.000111294304766
12.000916991180738
21.00102269930062
13.047281758065452
14.000134175807919
13.000689363858333
13.000111294304766
13.000111294304766
13.000111294304766
25.999063555858932
12.000011708030058
13.000778697949162
13.000111294304766
13.000111294304766
13.047281758065452
13.000689363858333
13.000111294304766
13.000111294304766
13.998084274267324
13.000111294304766
12.000916991180738
13.000689363858333
14.000134175807919
12.000916991180738
13.000111294304766
13.000111294304766
13.047281758065452
21.00102269930062
13.000689363858333
50.00102862264265
14.000379852405075
14.000134175807919
13.000111294304766
13.000689363858333
13.000111294304766
13.000689363858333
13.000111294304766
13.000689363858333
13.000111294304766
13.000611448343143
13.000111294304766
14.998784334172704
13.000957367834266
12.999999999999087
13.047281758065452
20.000579199809003
13.000689363858333
21.00102269930062
20.000157603240975
13.000111294304766
12.99813412665328
13.000111294304766
13.000689363858333
13.000111294304766
12.999999999999087
13.047281758065452
13.000111294304766
12.999999999999087
13.000111294304766
13.000689363858333
858.869843474682
18.001081953936183
13.998084274267324
13.098465703496387
49.98814828116855
18.00081476414161
13.000111294304766
13.000111294304766
13.000111294304766
13.000111294304766
13.000111294304766
13.000689363858333
13.000111294304766
13.000111294304766
12.998990682187856
13.000689363858333
13.000111294304766
20.000579199809003
12.999999999999087
12.99813412665328
13.000111294304766
13.047281758065452
13.000111294304766
13.000111294304766
12.999999999999087
20.000579199809003
13.000111294304766
30.99907751517538
13.000111294304766
13.000111294304766
13.000111294304766
13.000111294304766
15.000974515536424
13.000111294304766
13.000894533541935
13.000111294304766
13.000111294304766
13.000111294304766
13.000111294304766
299.2930856433473
13.000111294304766
12.000916991180738
13.000111294304766
13.000111294304766
13.000778697949162
13.000111294304766
12.999999999999087
18.001081953936183
18.001081953936183
13.000689363858333
14.000134175807919
13.000689363858333
13.000111294304766
22.00049981066346
13.098465703496387
12.000011708030058
13.000111294304766
13.000111294304766
18.001081953936183
13.000111294304766
17.000776367634206
14.000983994118439
14.998618189757622
13.000111294304766
20.000579199809003
13.047281758065452
13.000111294304766
13.047281758065452
14.000134175807919
20.000013856537407
13.000111294304766
13.000778697949162
13.998075372675663
13.047281758065452
12.999999999999087
13.000111294304766
13.047281758065452
14.000963141655346
12.999999999999087
13.000778697949162
13.000689363858333
13.047281758065452
13.000689363858333
13.998084274267324
13.000778697949162
18.001081953936183
13.998084274267324
13.000689363858333
13.047281758065452
13.000778697949162
13.000111294304766
13.99529797041097
858.869843474682
14.00088030851118
13.000689363858333
13.000111294304766
13.047281758065452
13.000111294304766
13.000111294304766
18.001081953936183
14.998784334172704
20.000579199809003
15.998260903940642
13.000689363858333
13.098465703496387
13.000111294304766
13.000894533541935
18.001081953936183
20.000579199809003
13.047281758065452
21.00102269930062
18.001081953936183
13.000111294304766
13.998075372675663
13.000111294304766
13.000111294304766
13.000241893447594
20.000579199809003
13.000689363858333
13.000111294304766
13.000894533541935
18.001081953936183
14.999102930821572
13.000111294304766
13.000111294304766
12.998010818673382
13.000689363858333
12.999999999999087
13.000111294304766
13.000111294304766
13.000111294304766
13.000689363858333
13.000111294304766
13.000689363858333
18.001081953936183
13.000689363858333
15.000974515536424
13.000111294304766
13.098465703496387
13.000689363858333
13.000111294304766
18.001081953936183
13.047281758065452
13.000689363858333
14.000134175807919
13.000111294304766
13.047281758065452
13.998084274267324
30.99907751517538
21.00102269930062
13.000111294304766
26.000629178798643
18.001081953936183
13.000689363858333
13.000111294304766
13.000689363858333
13.000851955680492
12.000011708030058
13.000111294304766
52322.5
13.000689363858333
13.000111294304766
13.000111294304766
13.000111294304766
13.000111294304766
13.000111294304766
13.000111294304766
13.000111294304766
773.4092951700409
13.998084274267324
13.047281758065452
13.000689363858333
13.000111294304766
13.000111294304766
13.000111294304766
13.000111294304766
13.000111294304766
13.000111294304766
13.000111294304766
12.998010818673382
13.000689363858333
13.000689363858333
14.000379852405075
13.000689363858333
13.000111294304766
13.000111294304766
15.000974515536424
13.000111294304766
13.000959936088076
53.001016130566825
15.001000157029292
13.00076251550069
13.047281758065452
13.000111294304766
13.000111294304766
13.047281758065452
18.001081953936183
13.000111294304766
14.000134175807919
14.998784334172704
13.047281758065452
13.000111294304766
12.000916991180738
19.99857919980893
13.000111294304766
13.000111294304766
14.00088030851118
13.000111294304766
26.000629178798643
13.998084274267324
22.998917122640435
13.000111294304766
13.000689363858333
13.000689363858333
13.000689363858333
18.001081953936183
13.000689363858333
13.000111294304766
13.000689363858333
21.00102269930062
21.00102269930062
15.000974515536424
13.000894533541935
12.000916991180738
13.000111294304766
13.000111294304766
13.098465703496387
13.000241893447594
13.000894533541935
13.000689363858333
13.000778697949162
13.000111294304766
14.000134175807919
13.000894533541935
13.000111294304766
13.000689363858333
13.000778697949162
13.000689363858333
13.000111294304766
13.000111294304766
13.000689363858333
13.000111294304766
52322.5
13.000689363858333
16.00068504156489
14.998618189757622
12.99813412665328
13.000111294304766
18.001081953936183
13.000689363858333
18.001081953936183
13.000111294304766
13.000111294304766
13.000111294304766
14.000379852405075
12.000011708030058
13.001037674811714
13.000111294304766
17.000776367634206
13.000111294304766
14.000379852405075
13.000111294304766
13.000111294304766
63.00006825054838
13.000851955680492
13.000111294304766
12.999999999999087
20.000579199809003
13.047281758065452
13.047281758065452
13.998075372675663
13.99529797041097
13.098465703496387
13.000689363858333
13.000689363858333
13.000111294304766
13.000111294304766
51.00104000270911
13.000689363858333
14.00088030851118
13.000111294304766
20.000579199809003
13.000689363858333
13.098465703496387
13.000111294304766
12.000916991180738
13.000698930058315
14.00088030851118
13.000689363858333
13.000111294304766
13.998084274267324
12.99813412665328
13.000111294304766
12.000916991180738
13.047281758065452
19.99857919980893
13.000111294304766
13.047281758065452
13.000111294304766
13.000111294304766
13.047281758065452
29.00011721627994
13.000111294304766
13.098465703496387
18.001081953936183
31.998953865900866
13.000689363858333
21.00102269930062
13.998075372675663
13.000689363858333
13.000689363858333
12.999999999999087
13.000689363858333
13.000778697949162
13.998084274267324
13.000689363858333
13.000111294304766
12.999999999999087
18.000701366770365
13.047281758065452
13.000689363858333
13.000111294304766
21.00102269930062
13.000689363858333
13.000851955680492
18.001081953936183
13.000241893447594
13.000689363858333
14.000076726965723
13.000111294304766
13.000111294304766
13.000111294304766
13.000111294304766
13.000111294304766
13.000111294304766
13.000111294304766
13.000111294304766
12.000916991180738
13.000111294304766
13.000111294304766
12.000011708030058
14.00088030851118
13.000111294304766
13.000778697949162
20.000579199809003
13.000689363858333
13.000111294304766
13.000689363858333
13.000111294304766
13.998075372675663
14.000134175807919
13.000689363858333
13.098465703496387
13.000111294304766
12.999999999999087
13.000111294304766
13.098465703496387
20.000579199809003
13.000111294304766
13.000111294304766
13.000111294304766
13.000111294304766
13.000111294304766
20.000579199809003
16.000915017132208
13.047281758065452
14.00088030851118
13.000111294304766
13.000111294304766
13.000111294304766
14.000134175807919
13.000111294304766
13.000689363858333
13.000689363858333
13.000111294304766
13.098465703496387
14.998784334172704
13.000778697949162
12.000916991180738
13.000111294304766
13.098465703496387
13.000959936088076
13.000111294304766
13.000689363858333
13.047281758065452
13.047281758065452
13.000689363858333
13.000111294304766
13.000689363858333
13.000689363858333
14.000076726965723
13.047281758065452
21.00102269930062
13.000111294304766
13.000778697949162
13.000111294304766
13.000111294304766
13.000111294304766
13.000111294304766
22.00049981066346
13.000689363858333
12.99813412665328
13.000111294304766
13.000111294304766
13.000689363858333
13.000689363858333
13.000894533541935
13.001037674811714
13.000689363858333
12.998386335910677
13.000689363858333
13.000111294304766
13.000111294304766
13.000778697949162
13.000689363858333
13.000111294304766
13.098465703496387
12.000916991180738
13.000689363858333
12.999999999999087
14.000379852405075
13.000689363858333
18.001081953936183
13.000111294304766
13.000111294304766
21.00102269930062
13.000689363858333
13.000111294304766
18.001081953936183
13.000111294304766
13.000111294304766
13.000689363858333
14.000134175807919
20.000579199809003
12.999999999999087
18.001081953936183
13.282016933218275
17.000776367634206
13.000111294304766
13.000689363858333
13.000111294304766
13.000111294304766
13.000111294304766
13.047281758065452
12.000011708030058
12.046287888513643
16.00063594287532
12.999999999999087
13.998075372675663
14.998618189757622
12.999999999999087
13.000689363858333
13.000111294304766
13.047281758065452
13.000111294304766
14.000134175807919
16.000694262662968
13.047281758065452
13.000778697949162
13.000111294304766
13.047281758065452
13.000111294304766
13.047281758065452
13.000111294304766
13.000111294304766
12.999999999999087
12.000916991180738
13.000689363858333
13.000111294304766
13.000689363858333
13.000111294304766
13.000111294304766
13.000111294304766
13.098465703496387
13.000689363858333
13.000111294304766
13.000111294304766
13.047281758065452
13.047281758065452
20.000013856537407
12.999999999999087
13.000111294304766
13.000111294304766
13.000111294304766
13.000111294304766
13.000689363858333
13.000111294304766
12.999466930902626
13.998075372675663
13.000111294304766
13.000111294304766
13.000689363858333
13.000689363858333
14.998618189757622
12.000916991180738
13.098465703496387
12.999999999999087
13.000111294304766
13.000111294304766
13.047281758065452
18.00081476414161
13.000689363858333
13.00076251550069
18.001081953936183
13.000111294304766
18.001081953936183
13.000111294304766
13.000111294304766
13.000111294304766
13.000689363858333
13.000689363858333
13.000689363858333
13.000111294304766
13.000111294304766
13.000111294304766
13.000689363858333
13.000111294304766
16.000694262662968
13.000111294304766
17.000776367634206
13.000111294304766
12.999999999999087
13.047281758065452
13.000689363858333
20.000579199809003
13.000689363858333
15.000974515536424
13.000689363858333
13.000689363858333
13.000111294304766
20.000579199809003
13.047281758065452
13.000111294304766
13.000689363858333
295.765764653966
13.047281758065452
13.047281758065452
13.000689363858333
13.000778697949162
13.000111294304766
13.000111294304766
13.000111294304766
21.00102269930062
21.00102269930062
13.000111294304766
13.047281758065452
13.000111294304766
18.001081953936183
13.047281758065452
13.047281758065452
13.000689363858333
20.000579199809003
18.001081953936183
13.000111294304766
13.000689363858333
13.047281758065452
13.047281758065452
13.000689363858333
13.000698930058315
18.001081953936183
20.000157603240975
13.000111294304766
12.998010818673382
13.000111294304766
13.998084274267324
12.000011708030058
13.047281758065452
18.001081953936183
13.000689363858333
13.047281758065452
13.000689363858333
14.00088030851118
13.000689363858333
13.000111294304766
13.047281758065452
13.098465703496387
13.000111294304766
13.000111294304766
13.000111294304766
13.000111294304766
12.999999999999087
14.000134175807919
13.000894533541935
13.000111294304766
13.000689363858333
13.000111294304766
13.000689363858333
20.000579199809003
13.047281758065452
13.000111294304766
20.000579199809003
13.047281758065452
13.000778697949162
12.999466930902626
13.000611448343143
13.000111294304766
13.000894533541935
13.000689363858333
13.000689363858333
15.000974515536424
18.998788964285517
18.001081953936183
13.998075372675663
13.000689363858333
13.047281758065452
13.047281758065452
13.000689363858333
13.000111294304766
13.047281758065452
13.000111294304766
13.047281758065452
20.000579199809003
13.000111294304766
13.000111294304766
13.000111294304766
13.000689363858333
13.000689363858333
12.999999999999087
13.000689363858333
13.000111294304766
13.000689363858333
13.000111294304766
13.000111294304766
13.000778697949162
13.000111294304766
13.000689363858333
13.000111294304766
13.000111294304766
13.000111294304766
13.000124865942908
14.998784334172704
13.000111294304766
12.99813412665328
20.000579199809003
13.000111294304766
12.999466930902626
13.000111294304766
12.999999999999087
13.047281758065452
13.000111294304766
13.000111294304766
13.000111294304766
13.000778697949162
13.047281758065452
13.000111294304766
12.000011708030058
779.1752293583261
13.000778697949162
19.99857919980893
25.999014821815233
12.999999999999087
76.99805998942671
21.00102269930062
13.000111294304766
13.047281758065452
13.047281758065452
16.000922218867654
20.000579199809003
13.000111294304766
13.000111294304766
13.000111294304766
13.000111294304766
13.000689363858333
13.000111294304766
18.001081953936183
13.000689363858333
13.098465703496387
13.047281758065452
13.000111294304766
13.098465703496387
13.000111294304766
13.000111294304766
13.000689363858333
24.998308449571752
18.001081953936183
50.00102862264265
21.00102269930062
13.000689363858333
13.000111294304766
13.000778697949162
13.047281758065452
16.000694262662968
13.000689363858333
13.000111294304766
13.000111294304766
13.000111294304766
13.000689363858333
13.000689363858333
13.047281758065452
13.000689363858333
21.00102269930062
21.00102269930062
13.000111294304766
13.098465703496387
30.99889789014451
13.000689363858333
13.000111294304766
13.000689363858333
13.000111294304766
14.998784334172704
13.098465703496387
13.000957367834266
13.000111294304766
13.047281758065452
18.000125742709134
72.10546371368594
13.000689363858333
13.000111294304766
20.000579199809003
13.000111294304766
13.000959936088076
13.000111294304766
13.047281758065452
13.000689363858333
13.047281758065452
13.000111294304766
13.000111294304766
12.999999999999087
13.000111294304766
13.000111294304766
30.99907751517538
13.000111294304766
13.00076251550069
18.001081953936183
13.000111294304766
14.000134175807919
13.000111294304766
13.000778697949162
14.000134175807919
13.000689363858333
19.000846700460983
13.000611448343143
13.047281758065452
15.000482169927235
13.047281758065452
13.000689363858333
13.000689363858333
260.0018678862798
13.000689363858333
13.047281758065452
13.098465703496387
19.99857919980893
13.000111294304766
18.001081953936183
13.000111294304766
12.999999999999087
13.000111294304766
13.000111294304766
14.999102930821572
12.000916991180738
12.998990682187856
12.99813412665328
13.000262629956067
12.99813412665328
13.000111294304766
13.000111294304766
13.000111294304766
13.047281758065452
13.000689363858333
13.000111294304766
13.000111294304766
13.000111294304766
12.998990682187856
20.000579199809003
13.000957367834266
13.000111294304766
13.000111294304766
13.000689363858333
13.000689363858333
13.000111294304766
13.000111294304766
13.000111294304766
13.047281758065452
13.000689363858333
13.000611448343143
13.998084274267324
15.000116656931421
18.998532165894655
12.999999999999087
12.999999999999087
13.000111294304766
16.000915017132208
12.999999999999087
13.000111294304766
12.000011708030058
15.000974515536424
13.000111294304766
14.000134175807919
13.000111294304766
13.000111294304766
13.000111294304766
13.000241893447594
12.000916991180738
18.001081953936183
13.000111294304766
18.001081953936183
13.000111294304766
13.000111294304766
13.047281758065452
13.000111294304766
13.000851955680492
13.047281758065452
13.047281758065452
273.99813211372003
21.00102269930062
13.000111294304766
13.000111294304766
13.000689363858333
13.000111294304766
13.098465703496387
18.001081953936183
21.00102269930062
13.000111294304766
13.047281758065452
16.000694262662968
13.000689363858333
13.000111294304766
14.998618189757622
14.000134175807919
73.19901454527485
13.047281758065452
13.000689363858333
13.000111294304766
13.047281758065452
12.999999999999087
13.000111294304766
13.000111294304766
12.999999999999087
13.000111294304766
13.000111294304766
13.000111294304766
12.000916991180738
13.000111294304766
13.998820902159867
14.000134175807919
13.000689363858333
13.000689363858333
13.000111294304766
13.000111294304766
13.000689363858333
12.999466930902626
12.999999999999087
12.000011708030058
13.000111294304766
13.000111294304766
13.047281758065452
13.000778697949162
13.000111294304766
21.00102269930062
13.000111294304766
13.001037674811714
13.998084274267324
13.047281758065452
13.000111294304766
13.000111294304766
13.000111294304766
13.047281758065452
13.000778697949162
13.000111294304766
13.001037674811714
13.000111294304766
13.000111294304766
14.998784334172704
13.000111294304766
12.999999999999087
12.000916991180738
13.000111294304766
20.000579199809003
14.000134175807919
13.000111294304766
14.00088030851118
12.999999999999087
18.001081953936183
13.998084274267324
13.000111294304766
12.000916991180738
13.001037674811714
13.000111294304766
21.00102269930062
13.001037674811714
13.000689363858333
12.998990682187856
13.998075372675663
13.000111294304766
13.000611448343143
12.000011708030058
13.000111294304766
13.000111294304766
13.000111294304766
13.047281758065452
13.000111294304766
13.047281758065452
13.000111294304766
14.999102930821572
13.000111294304766
13.000111294304766
12.001455345105907
12.99999999999926
13.000111294304766
13.000689363858333
13.000111294304766
13.000611448343143
13.000111294304766
21.00102269930062
13.000778697949162
13.000689363858333
14.999102930821572
18.001081953936183
13.000778697949162
14.000379852405075
13.000111294304766
13.000111294304766
13.000111294304766
15.000805273114763
13.000111294304766
13.000111294304766
13.000111294304766
12.000011708030058
13.000689363858333
13.998075372675663
13.000698930058315
13.000111294304766
13.998084274267324
13.047281758065452
13.000689363858333
13.047281758065452
13.000689363858333
13.000778697949162
13.000111294304766
13.000689363858333
13.000111294304766
13.000111294304766
20.000579199809003
13.047281758065452
13.098465703496387
18.001081953936183
12.000916991180738
14.000134175807919
13.000111294304766
13.000957367834266
13.282016933218275
13.047281758065452
12.999999999999087
13.000778697949162
14.998618189757622
13.000111294304766
13.000111294304766
13.000689363858333
13.000111294304766
13.000689363858333
14.000134175807919
21.00102269930062
13.000111294304766
14.00088030851118
13.000689363858333
13.000111294304766
13.000111294304766
13.998084274267324
13.000111294304766
773.4092951700409
13.047281758065452
21.00102269930062
13.000111294304766
13.000111294304766
19.99857919980893
20.000579199809003
13.000111294304766
14.998784334172704
13.000111294304766
13.047281758065452
13.000778697949162
18.001081953936183
13.000111294304766
13.000689363858333
13.000111294304766
12.000916991180738
20.000579199809003
13.99529797041097
13.000111294304766
13.000689363858333
19.000846700460983
13.000111294304766
18.001081953936183
13.047281758065452
21.00102269930062
17.000776367634206
13.000241893447594
14.949928410042697
13.000111294304766
13.000111294304766
13.000111294304766
13.000111294304766
13.000778697949162
13.000111294304766
13.000611448343143
13.000111294304766
13.000111294304766
12.000916991180738
13.000111294304766
13.000611448343143
13.000689363858333
13.000689363858333
12.000011708030058
13.000111294304766
12.999999999999087
13.000111294304766
14.000134175807919
12.000916991180738
13.000111294304766
13.000111294304766
13.000111294304766
14.000134175807919
12.99813412665328
12.999999999999087
13.000689363858333
13.000689363858333
12.999999999999087
13.047281758065452
14.998618189757622
18.001081953936183
12.043630069619056
13.000689363858333
13.000111294304766
15.000805273114763
13.000689363858333
13.000111294304766
13.000111294304766
13.000111294304766
13.098465703496387
13.000111294304766
12.99813412665328
13.000111294304766
14.000399466602286
18.001081953936183
13.000689363858333
13.000111294304766
18.001081953936183
15.000974515536424
18.001081953936183
13.998075372675663
13.000111294304766
13.098465703496387
19.99857919980893
13.000689363858333
13.000689363858333
13.000111294304766
21.00102269930062
20.000579199809003
12.000916991180738
13.000111294304766
13.000111294304766
13.000689363858333
13.000111294304766
13.000111294304766
22.00049981066346
13.000111294304766
12.001455345105907
13.000111294304766
13.000111294304766
18.001081953936183
13.047281758065452
13.000111294304766
13.000111294304766
13.000111294304766
13.000111294304766
13.000689363858333
20.000579199809003
13.000111294304766
13.000111294304766
14.998784334172704
13.000111294304766
13.000111294304766
13.000689363858333
13.000689363858333
12.999999999999087
13.000111294304766
13.098465703496387
13.000689363858333
12.000916991180738
13.000111294304766
13.000111294304766
13.000111294304766
13.000111294304766
13.047281758065452
12.999999999999087
18.001081953936183
13.000689363858333
13.000111294304766
13.000111294304766
29.00011721627994
13.000111294304766
12.999466930902626
13.000689363858333
13.000111294304766
13.000689363858333
13.000111294304766
13.998084274267324
13.000111294304766
13.000111294304766
17.000776367634206
13.000111294304766
13.000111294304766
13.998075372675663
13.000111294304766
13.000111294304766
13.000111294304766
18.001081953936183
26.000629178798643
13.000611448343143
13.000689363858333
13.000111294304766
14.000134175807919
14.000134175807919
13.000111294304766
13.000689363858333
13.000689363858333
13.000111294304766
13.000111294304766
13.047281758065452
13.000689363858333
14.00088030851118
13.000689363858333
13.000111294304766
13.000111294304766
13.000689363858333
13.000611448343143
13.000689363858333
13.000111294304766
13.000894533541935
12.000011708030058
13.000111294304766
14.00088030851118
13.000111294304766
13.00076251550069
13.098465703496387
13.000778697949162
18.001081953936183
13.000111294304766
13.000611448343143
50.00102862264265
13.000689363858333
13.000689363858333
15.000805273114763
12.998990682187856
13.047281758065452
13.000689363858333
13.000111294304766
13.000111294304766
12.99813412665328
18.001081953936183
13.047281758065452
13.000689363858333
13.000111294304766
18.001081953936183
13.000778697949162
20.000013856537407
12.000916991180738
13.000111294304766
13.047281758065452
21.00102269930062
13.000111294304766
13.000111294304766
13.000689363858333
14.000134175807919
13.047281758065452
17.000421556503436
13.047281758065452
13.000611448343143
20.000579199809003
12.999999999999087
13.000689363858333
13.000111294304766
42.9981866375323
20.000579199809003
13.000851955680492
13.000111294304766
20.000579199809003
30.99907751517538
14.999102930821572
13.000689363858333
773.4092951700409
12.999999999999087
26.99841397043219
14.00088030851118
13.000689363858333
14.000134175807919
19.99857919980893
16.000915017132208
13.000111294304766
13.000689363858333
13.000689363858333
13.000111294304766
14.000134175807919
13.000111294304766
13.000111294304766
16.000915017132208
13.000689363858333
13.000111294304766
13.000111294304766
13.000111294304766
12.000916991180738
13.000111294304766
21.00102269930062
13.000111294304766
13.000111294304766
13.047281758065452
12.00012338008089
13.000689363858333
13.000689363858333
13.000689363858333
13.000111294304766
13.000689363858333
13.000689363858333
13.047281758065452
13.000689363858333
13.000111294304766
12.999999999999087
12.999999999999087
13.000689363858333
14.000134175807919
13.000689363858333
13.000689363858333
18.001081953936183
13.000689363858333
30.99907751517538
13.000111294304766
13.000111294304766
30.99907751517538
40.998223674571534
13.047281758065452
13.047281758065452
13.000111294304766
12.000916991180738
13.000111294304766
13.000111294304766
13.998075372675663
13.000111294304766
13.000959936088076
13.000111294304766
13.047281758065452
12.999466930902626
13.000689363858333
13.047281758065452
13.000111294304766
13.000111294304766
13.047281758065452
12.999999999999087
21.00102269930062
13.000111294304766
21.00102269930062
17.000776367634206
13.000111294304766
13.000111294304766
13.000111294304766
73.19901454527485
13.000111294304766
13.000111294304766
19.99857919980893
14.000134175807919
13.000111294304766
13.000611448343143
17.000776367634206
14.998784334172704
64.00199754182135
13.000111294304766
13.000111294304766
19.000846700460983
13.000111294304766
13.000111294304766
13.000241893447594
12.000916991180738
13.000689363858333
13.000778697949162
13.000851955680492
13.000689363858333
13.000111294304766
30.99907751517538
13.000689363858333
13.000689363858333
13.000111294304766
15.000974515536424
21.00102269930062
13.000111294304766
17.22341742643564
13.098465703496387
13.000689363858333
13.998084274267324
18.001081953936183
13.000689363858333
13.000111294304766
253.9998678862798
13.000111294304766
13.000111294304766
13.000611448343143
20.000013856537407
14.000379852405075
13.000111294304766
13.000689363858333
14.00088030851118
20.000013856537407
13.000111294304766
13.000959936088076
12.998990682187856
13.000689363858333
12.999999999999087
13.000689363858333
21.00102269930062
12.000011708030058
19.14280692060864
13.000111294304766
13.000111294304766
13.000689363858333
13.000689363858333
15.000974515536424
13.000689363858333
13.047281758065452
12.000916991180738
13.000778697949162
13.000111294304766
13.000111294304766
17.000559899916606
13.000111294304766
13.000111294304766
21.00102269930062
14.000134175807919
12.999999999999087
13.000689363858333
13.000111294304766
13.000111294304766
13.000111294304766
12.000011708030058
13.000778697949162
13.000689363858333
13.000689363858333
16.000915017132208
13.000111294304766
13.000111294304766
13.000689363858333
18.001081953936183
14.999102930821572
12.999999999999087
18.001081953936183
13.000894533541935
13.000689363858333
13.000111294304766
15.000974515536424
13.000111294304766
13.000111294304766
22.00049981066346
13.000689363858333
13.000111294304766
19.99857919980893
13.000698930058315
18.001081953936183
15.000974515536424
13.000111294304766
13.047281758065452
13.000689363858333
13.000124865942908
773.4092951700409
13.998075372675663
13.998075372675663
13.000111294304766
12.043630069619056
13.000611448343143
13.000111294304766
13.000111294304766
19.14280692060864
13.047281758065452
13.000689363858333
15.000974515536424
13.098465703496387
13.000111294304766
13.000111294304766
13.000111294304766
13.000111294304766
18.001081953936183
13.000111294304766
13.000689363858333
13.000689363858333
12.999999999999087
13.000111294304766
13.000851955680492
14.998618189757622
13.000778697949162
13.000111294304766
12.000916991180738
13.000111294304766
18.001081953936183
13.000111294304766
13.000111294304766
13.000111294304766
13.047281758065452
13.000851955680492
13.000111294304766
14.000134175807919
13.000689363858333
13.000111294304766
13.000851955680492
13.000111294304766
13.000111294304766
13.000689363858333
13.000111294304766
13.000111294304766
13.000111294304766
13.000959936088076
13.047281758065452
13.000778697949162
14.00088030851118
12.99813412665328
13.047281758065452
14.998784334172704
13.000111294304766
13.047281758065452
13.000111294304766
13.000111294304766
13.000111294304766
12.046287888513643
13.000689363858333
13.000689363858333
13.000111294304766
12.999999999999087
13.000689363858333
21.00102269930062
13.000111294304766
13.000111294304766
13.000111294304766
18.001081953936183
13.000111294304766
13.99529797041097
17.000776367634206
13.000851955680492
13.000111294304766
13.000689363858333
13.000111294304766
13.153999481930839
20.000579199809003
15.001552845408499
13.000689363858333
63.00006825054838
13.000111294304766
19.99857919980893
13.000111294304766
12.000011708030058
15.000974515536424
13.047281758065452
13.000111294304766
13.000111294304766
13.000111294304766
13.000689363858333
14.000379852405075
21.00102269930062
13.000111294304766
13.000689363858333
13.000111294304766
13.998075372675663
13.000689363858333
13.000111294304766
12.000011708030058
20.000579199809003
12.999999999999087
13.000111294304766
13.000111294304766
13.000111294304766
13.000111294304766
13.047281758065452
13.000894533541935
12.000011708030058
13.000111294304766
13.000111294304766
13.000111294304766
13.000111294304766
18.001081953936183
16.998124278709703
13.000778697949162
13.000111294304766
13.098465703496387
13.998084274267324
13.000689363858333
22.00049981066346
18.001081953936183
12.999999999999087
13.000778697949162
13.000111294304766
13.000689363858333
13.000689363858333
13.000894533541935
13.000111294304766
18.001081953936183
13.000111294304766
12.999999999999087
12.000916991180738
13.000689363858333
13.000778697949162
15.000974515536424
13.000111294304766
20.000579199809003
13.000111294304766
12.000916991180738
15.000116656931421
13.000957367834266
13.000689363858333
13.998697150083174
13.000111294304766
13.047281758065452
13.000111294304766
13.000778697949162
15.000974515536424
15.000482169927235
13.000111294304766
13.000111294304766
13.000111294304766
14.000134175807919
13.000111294304766
12.999999999999087
13.000778697949162
16.000915017132208
14.000134175807919
13.000111294304766
13.000111294304766
13.000689363858333
13.000851955680492
20.000579199809003
12.000011708030058
12.99813412665328
13.047281758065452
19.99857919980893
13.047281758065452
16.998124278709703
13.047281758065452
12.998990682187856
81.99887119069702
15.000974515536424
13.000698930058315
14.000379852405075
13.000689363858333
13.000111294304766
14.000379852405075
13.000111294304766
13.000689363858333
13.000689363858333
13.000689363858333
13.000959936088076
13.000111294304766
13.000689363858333
