0.0
0.0
0.0
0.0
0.0
0.0
0.0
0.0
0.0
0.0
0.0
0.0
0.0
0.0
0.0
0.0
0.0
0.0
0.0
0.0
0.0
0.0
0.0
0.0
0.0
0.0
0.0
0.0
0.0
0.0
0.0
0.0
0.0
0.0
0.0
0.0
0.0
0.0
0.0
0.0
0.0
0.0
0.0
0.0
0.0
0.0
0.0
0.0
0.0
0.0
0.0
0.0
0.0
0.0
0.0
0.0
0.0
0.0
0.0
0.0
13.8
13.8
13.8
14.0
13.8
13.8
13.8
14.0
13.8
13.8
13.8
13.8
13.8
13.8
13.8
13.8
13.8
14.2
14.0
14.0
14.0
14.0
14.0
14.0
14.0
14.0
14.0
14.0
14.0
14.0
14.2
14.2
14.0
14.0
14.0
14.0
14.0
14.0
14.0
14.0
14.0
14.0
14.0
14.0
14.0
14.0
14.0
14.0
14.0
14.0
14.0
14.0
14.0
14.0
14.0
14.0
13.8
14.0
14.0
14.0
0.0
0.0
0.0
0.0
0.0
0.0
0.0
0.0
0.0
0.0
0.0
0.0
0.0
0.0
0.0
0.0
0.0
0.0
0.0
0.0
0.0
0.0
0.0
0.0
0.0
0.0
0.0
0.0
0.0
0.0
0.0
0.0
0.0
0.0
0.0
0.0
0.0
0.0
0.0
0.0
0.0
0.0
0.0
0.0
0.0
0.0
0.0
0.0
0.0
0.0
0.0
0.0
0.0
0.0
0.0
0.0
0.0
0.0
0.0
0.0
0.0
0.0
0.0
0.0
0.0
0.0
0.0
0.0
0.0
0.0
0.0
0.0
0.0
0.0
0.0
0.0
0.0
0.0
0.0
0.0
0.0
0.0
0.0
0.0
0.0
0.0
0.0
0.0
0.0
0.0
0.0
0.0
0.0
0.0
0.0
0.0
0.0
0.0
0.0
0.0
0.0
0.0
0.0
0.0
0.0
0.0
0.0
0.0
0.0
0.0
0.0
0.0
0.0
0.0
0.0
0.0
0.0
0.0
0.0
0.0
19.6
20.2
20.2
20.0
20.2
20.2
20.2
20.0
20.2
20.2
20.2
20.2
20.0
20.0
20.0
20.2
20.2
19.8
19.8
20.2
20.2
20.0
20.0
20.4
20.0
20.6
20.4
20.2
20.6
20.6
20.6
20.4
20.2
20.4
20.4
20.2
20.4
20.2
20.4
20.4
20.2
20.4
20.4
20.4
20.4
20.4
20.4
20.4
20.4
20.0
20.4
20.4
20.2
20.2
20.2
20.4
20.4
20.4
20.2
20.4
0.0
0.0
0.0
0.0
0.0
0.0
0.0
0.2
0.0
0.0
0.0
0.0
0.0
0.0
0.0
0.0
0.0
0.0
0.0
0.0
0.0
0.0
0.0
0.0
0.0
0.4
0.0
0.0
0.0
0.0
0.0
0.0
0.0
0.0
0.0
0.0
0.0
0.0
0.0
0.0
0.0
0.0
0.0
0.0
0.0
0.0
0.0
0.0
0.0
0.0
0.0
0.0
0.0
0.0
0.0
0.0
0.0
0.0
0.0
0.0
0.0
0.0
0.0
0.0
0.0
0.0
0.0
0.0
0.0
0.0
0.0
0.0
0.0
0.0
0.0
0.0
0.0
0.0
0.0
0.0
0.0
0.0
0.0
0.0
0.0
0.0
0.0
0.0
0.0
0.0
0.0
0.0
0.0
0.0
0.0
0.0
0.0
0.0
0.0
0.0
0.0
0.0
0.0
0.0
0.0
0.0
0.0
0.0
0.0
0.0
0.0
0.0
0.0
0.0
0.0
0.0
0.0
0.0
0.0
0.0
50.0
50.6
50.4
50.6
50.6
50.6
50.6
50.4
50.4
50.4
50.6
50.6
50.6
50.6
50.4
50.6
50.6
50.6
50.4
50.2
50.0
50.4
50.4
50.4
50.2
50.4
50.2
50.4
50.2
50.2
50.2
50.2
50.2
50.2
50.2
50.2
50.4
50.2
50.2
50.2
50.0
53.2
50.2
50.0
50.0
50.0
50.0
50.0
49.8
49.6
49.8
49.8
49.8
49.8
50.2
50.2
50.4
50.4
50.2
50.2
0.2
0.0
0.0
0.0
0.0
0.0
0.0
0.0
0.0
0.0
0.0
0.0
0.0
0.0
0.0
0.0
0.0
0.0
0.0
0.0
0.0
0.0
0.0
0.2
0.0
0.0
0.0
0.0
0.0
0.0
0.0
0.0
0.0
0.0
0.0
0.0
0.0
0.0
0.0
0.0
0.0
0.0
0.0
0.0
0.0
0.0
0.0
0.0
0.0
0.0
0.0
0.0
0.0
0.0
0.0
0.0
0.0
0.0
0.0
0.0
0.0
0.0
0.0
0.0
0.0
0.0
0.0
0.0
0.0
0.0
0.0
0.0
0.0
0.0
0.0
0.0
0.0
0.0
0.0
0.0
0.0
0.0
0.0
0.0
0.0
0.0
0.0
0.0
0.0
0.0
0.0
0.0
0.0
0.0
0.0
0.0
0.0
0.0
0.0
0.0
0.0
0.0
0.0
0.0
0.0
0.0
0.0
0.0
0.0
0.0
0.0
0.0
0.0
0.0
0.0
0.0
0.0
0.0
0.0
0.0
13.8
13.8
13.8
13.8
13.8
13.8
13.8
13.8
13.8
13.8
13.8
13.8
13.8
13.8
13.8
13.8
13.8
13.8
13.8
13.8
13.8
13.8
13.8
13.6
13.8
13.8
13.8
13.6
13.6
13.8
13.8
13.8
13.8
13.8
13.8
13.6
13.8
13.6
13.8
13.6
14.0
13.6
13.8
13.6
13.6
15.8
14.0
13.8
13.8
13.8
13.8
13.8
13.8
13.8
13.8
16.6
13.8
13.8
13.8
13.8
0.0
0.0
0.0
0.0
0.0
0.0
0.0
0.0
0.0
0.0
0.0
0.0
0.0
0.0
0.0
0.0
0.0
0.0
0.0
0.0
0.0
0.0
0.0
0.0
0.0
0.0
0.0
0.0
0.0
0.0
0.0
0.0
0.0
0.0
0.0
0.0
0.0
0.0
0.0
0.0
0.0
0.0
0.0
0.0
0.0
0.0
0.0
0.0
0.0
0.0
0.0
0.0
0.0
0.0
0.0
0.0
0.0
0.0
0.0
0.0
0.0
0.0
0.0
0.0
0.0
0.0
0.0
0.0
0.0
0.0
0.0
0.0
0.0
0.0
0.0
0.0
0.0
0.0
0.0
0.0
0.0
0.0
0.0
0.0
0.0
0.0
0.0
0.0
0.0
0.0
0.0
0.0
0.0
0.0
0.0
0.0
0.0
0.0
0.0
0.0
0.0
0.0
0.0
0.0
0.0
0.0
0.0
0.0
0.0
0.0
0.0
0.0
0.0
0.0
0.0
0.0
0.0
0.0
0.0
0.0
19.2
7.6
16.6
12.0
5.0
17.2
8.2
5.0
0.2
21.8
17.6
16.6
1.0
0.0
1.0
3.2
10.6
14.2
7.2
10.0
10.0
3.0
8.4
14.0
23.4
6.0
18.6
13.2
8.6
13.2
3.0
14.8
231.4
3.0
18.8
2.0
20.4
5.0
22.6
12.6
8.2
1.0
3.0
17.4
7.6
8.0
7.0
15.0
17.8
18.4
21.6
3.4
10.0
4.0
14.4
1.0
19.4
16.4
2.0
14.2
0.0
0.0
0.0
0.0
0.0
0.0
0.0
0.0
0.0
0.0
0.0
0.0
0.0
0.0
0.0
0.0
0.0
0.0
0.0
0.0
0.0
0.0
0.0
0.0
0.0
0.0
0.0
0.0
0.0
0.0
0.0
0.0
0.0
0.0
0.0
0.0
0.0
0.0
0.0
0.0
0.0
0.0
0.0
0.0
0.0
0.0
0.0
0.0
0.0
0.0
0.0
0.0
0.0
0.0
0.0
0.0
0.0
0.0
0.0
0.0
0.0
0.0
0.0
0.0
0.0
0.0
0.0
0.0
0.0
0.0
0.0
0.0
0.0
0.0
0.0
0.0
0.0
0.0
0.0
0.0
0.0
0.0
0.0
0.0
0.0
0.0
0.0
0.0
0.0
0.0
0.0
0.0
0.0
0.0
0.0
0.0
0.0
0.0
0.0
0.0
0.0
0.0
0.0
0.0
0.0
0.0
0.0
0.0
0.0
0.0
0.0
0.0
0.0
0.0
0.0
0.0
0.0
0.0
0.0
0.0
0.0
0.0
0.0
0.0
0.0
0.0
0.0
0.0
0.0
0.0
0.0
0.0
0.0
0.0
0.0
0.0
0.0
0.0
0.0
0.0
0.0
0.0
0.0
0.0
0.0
0.0
0.0
0.0
0.0
0.0
0.0
0.0
0.0
0.0
0.0
0.0
0.0
0.0
0.0
0.0
0.0
0.0
0.0
0.0
0.0
0.0
0.0
0.0
0.0
0.0
0.0
0.0
0.0
0.0
0.0
0.0
0.0
0.0
0.0
0.0
13.0
13.0
13.0
13.0
13.2
13.0
13.0
13.2
13.0
13.0
13.0
13.0
13.0
13.0
13.0
13.0
13.0
15.2
14.8
14.6
15.0
15.0
14.8
14.8
14.8
15.0
14.8
14.8
14.8
14.8
13.2
13.2
13.2
13.2
13.2
13.2
13.2
13.2
13.2
13.2
13.2
13.2
13.2
13.2
13.0
13.0
13.2
13.0
13.0
13.2
13.2
13.0
13.2
13.2
13.0
13.2
13.2
13.2
13.2
15.2
18.4
19.4
16.2
7.2
18.0
20.4
17.4
12.0
10.4
14.0
16.4
16.6
13.0
18.4
12.8
3.0
8.0
19.6
7.6
6.6
14.6
2.0
15.2
2.0
16.2
17.4
4.0
15.6
1.0
1.0
10.0
22.6
18.6
5.8
10.0
1.0
0.0
7.0
22.6
13.8
7.0
116.8
21.6
0.0
18.8
22.4
20.4
15.2
1.0
22.0
10.0
3.0
7.0
13.4
19.0
14.2
19.0
6.8
20.0
17.0
18.2
14.0
7.2
10.0
13.0
10.0
9.0
1.0
5.4
19.0
18.0
20.6
2.0
0.0
20.8
12.0
2.0
8.0
9.6
15.0
19.0
3.0
7.0
13.0
20.2
6.0
2.2
1.2
21.2
13.0
4.0
1.0
13.2
16.2
11.8
20.2
1.0
11.6
20.6
19.4
9.0
8.0
6.0
1.0
13.0
15.8
7.0
2.0
16.2
1.0
22.2
8.0
2.0
9.0
17.2
14.0
16.2
15.2
18.4
11.2
108.0
108.4
95.2
99.0
91.4
106.8
86.2
107.2
113.4
109.0
104.8
86.4
109.0
109.8
90.8
109.0
111.6
105.6
86.2
107.8
110.0
86.8
108.2
106.8
95.0
76.0
95.4
71.6
73.0
80.4
111.2
109.8
106.2
86.4
109.0
111.4
115.8
86.4
76.4
108.2
105.2
106.8
80.0
73.4
109.0
105.4
86.2
111.0
109.4
107.6
107.4
74.0
78.0
90.2
72.4
89.2
108.2
105.0
106.4
73.4
