ex_time
1.0
1.0
1.0
1.0
1.0
1.0
1.0
1.0
1.0
1.0
1.0
1.0
1.0
1.0
1.0
1.0
1.0
1.0
1.0
1.0
1.0
1.0
1.0
1.0
1.0
1.0
1.0
1.0
1.0
1.0
1.0
1.0
1.0
1.0
1.0
1.0
1.0
1.0
1.0
1.0
1.0
1.0
1.0
1.0
1.0
1.0
1.0
1.0
1.0
1.0
1.0
1.0
1.0
1.0
1.0
1.0
1.0
1.0
1.0
1.0
20.066666666666666
20.066666666666666
20.066666666666666
20.066666666666666
20.066666666666666
20.097560975609756
20.097560975609756
20.097560975609756
20.097560975609756
20.097560975609756
20.097560975609756
20.097560975609756
20.097560975609756
20.097560975609756
20.097560975609756
20.097560975609756
20.097560975609756
20.097560975609756
21.6
21.6
21.6
21.6
21.6
21.6
20.097560975609756
20.097560975609756
20.097560975609756
20.097560975609756
21.6
20.081042660112267
20.097560975609756
20.097560975609756
20.097560975609756
21.6
21.6
20.097560975609756
20.097560975609756
20.097560975609756
20.097560975609756
20.097560975609756
20.097560975609756
20.097560975609756
20.097560975609756
20.097560975609756
20.097560975609756
20.097560975609756
20.097560975609756
20.097560975609756
20.097560975609756
20.097560975609756
20.097560975609756
21.6
20.066666666666666
20.097560975609756
21.6
20.097560975609756
20.097560975609756
20.097560975609756
21.6
20.097560975609756
8995.176923076922
9005.0
9005.742857142857
8995.176923076922
8962.8
8962.8
9041.12
9041.12
9005.742857142857
9041.12
9005.742857142857
9005.0
9041.12
8995.176923076922
8995.176923076922
9041.12
9046.133333333333
8995.176923076922
8995.176923076922
8995.176923076922
8995.176923076922
9046.133333333333
9046.133333333333
8995.176923076922
8995.176923076922
9041.12
8995.176923076922
8995.176923076922
9041.12
9005.742857142857
8995.176923076922
8962.8
9041.12
8995.176923076922
9041.12
9005.742857142857
9005.0
8995.176923076922
9041.12
9005.742857142857
9041.12
8995.176923076922
9041.12
8995.176923076922
8962.8
8962.8
9041.12
8995.176923076922
8995.176923076922
8995.176923076922
8995.176923076922
8995.176923076922
8995.176923076922
8995.176923076922
9041.12
9005.0
8995.176923076922
8995.176923076922
9005.742857142857
9041.12
71.4
52.8
52.8
33.75
33.75
33.75
33.75
33.75
73.2
80.5
40.7
54.31428571428572
44.733333333333334
44.733333333333334
54.31428571428572
44.733333333333334
44.733333333333334
44.733333333333334
73.2
40.7
80.5
40.7
71.4
33.75
33.75
71.4
71.4
33.75
73.2
65.6
40.7
54.31428571428572
44.733333333333334
44.733333333333334
53.2
54.31428571428572
44.733333333333334
44.733333333333334
53.2
44.733333333333334
54.31428571428572
44.733333333333334
51.80511893882221
54.31428571428572
44.733333333333334
73.2
65.6
40.7
53.3
73.2
40.7
53.3
71.4
52.8
52.8
71.4
52.8
67.73218539490566
52.8
54.31428571428572
173.63333333333333
173.63333333333333
173.63333333333333
173.63333333333333
173.63333333333333
173.63333333333333
173.63333333333333
173.63333333333333
173.63333333333333
173.63333333333333
173.63333333333333
173.63333333333333
173.63333333333333
173.63333333333333
173.63333333333333
173.63333333333333
173.63333333333333
173.63333333333333
173.63333333333333
173.63333333333333
173.63333333333333
173.63333333333333
173.63333333333333
173.63333333333333
173.63333333333333
173.63333333333333
173.63333333333333
173.63333333333333
173.63333333333333
173.63333333333333
173.63333333333333
173.63333333333333
173.63333333333333
173.63333333333333
173.63333333333333
173.63333333333333
173.63333333333333
173.63333333333333
173.63333333333333
173.63333333333333
173.63333333333333
173.63333333333333
173.63333333333333
173.63333333333333
173.63333333333333
173.63333333333333
173.63333333333333
173.63333333333333
173.63333333333333
173.63333333333333
173.63333333333333
173.63333333333333
173.63333333333333
173.63333333333333
173.63333333333333
173.63333333333333
173.63333333333333
173.63333333333333
173.63333333333333
173.63333333333333
5.346666666666667
5.346666666666667
5.346666666666667
5.346666666666667
5.346666666666667
5.346666666666667
5.346666666666667
5.346666666666667
5.346666666666667
5.346666666666667
5.346666666666667
5.346666666666667
5.346666666666667
5.346666666666667
5.346666666666667
5.346666666666667
5.346666666666667
5.346666666666667
5.346666666666667
5.346666666666667
5.346666666666667
5.346666666666667
5.346666666666667
5.346666666666667
5.346666666666667
5.346666666666667
5.346666666666667
5.346666666666667
5.346666666666667
5.346666666666667
5.346666666666667
5.346666666666667
5.346666666666667
5.346666666666667
5.346666666666667
5.346666666666667
5.346666666666667
5.346666666666667
5.346666666666667
5.346666666666667
5.346666666666667
5.346666666666667
5.346666666666667
5.346666666666667
5.346666666666667
5.346666666666667
5.346666666666667
5.346666666666667
5.346666666666667
5.346666666666667
5.346666666666667
5.346666666666667
5.346666666666667
5.346666666666667
5.346666666666667
5.346666666666667
5.346666666666667
5.346666666666667
5.346666666666667
5.346666666666667
167.97
167.97
167.97
167.97
167.97
167.97
167.97
167.97
167.97
167.97
167.97
167.97
167.97
167.97
167.97
167.97
167.97
167.97
167.97
167.97
167.97
167.97
167.97
167.97
167.97
167.97
167.97
167.97
167.97
167.97
167.97
167.97
167.97
167.97
167.97
167.97
167.97
167.97
167.97
167.97
167.97
167.97
167.97
167.97
167.97
167.97
167.97
167.97
167.97
167.97
167.97
167.97
167.97
167.97
167.97
167.97
167.97
167.97
167.97
167.97
179.70344827586206
176.53684210526316
179.70344827586206
176.35555555555555
179.70344827586206
176.53684210526316
179.70344827586206
176.3
179.70344827586206
179.70344827586206
179.70344827586206
179.70344827586206
179.70344827586206
179.70344827586206
179.70344827586206
179.70344827586206
179.70344827586206
179.70344827586206
179.70344827586206
179.70344827586206
179.70344827586206
179.70344827586206
179.70344827586206
179.70344827586206
179.70344827586206
179.70344827586206
179.70344827586206
179.70344827586206
179.70344827586206
179.70344827586206
176.53684210526316
176.53684210526316
176.53684210526316
176.53684210526316
176.53684210526316
176.53684210526316
176.53684210526316
176.53684210526316
176.53684210526316
176.53684210526316
179.1838202874541
179.70344827586206
179.70344827586206
176.53684210526316
176.53684210526316
179.70344827586206
176.3
176.53684210526316
176.35555555555555
176.35555555555555
176.35555555555555
176.35555555555555
176.35555555555555
176.35555555555555
176.35555555555555
176.35555555555555
176.53684210526316
176.53684210526316
176.53684210526316
176.53684210526316
5429.486666666667
5429.486666666667
5429.486666666667
5429.486666666667
5429.486666666667
5429.486666666667
5429.486666666667
5429.486666666667
5429.486666666667
5429.486666666667
5429.486666666667
5429.486666666667
5429.486666666667
5429.486666666667
5429.486666666667
5429.486666666667
5429.486666666667
5429.486666666667
5429.486666666667
5429.486666666667
5429.486666666667
5429.486666666667
5429.486666666667
5429.486666666667
5429.486666666667
5429.486666666667
5429.486666666667
5429.486666666667
5429.486666666667
5429.486666666667
5429.486666666667
5429.486666666667
5429.486666666667
5429.486666666667
5429.486666666667
5429.486666666667
5429.486666666667
5429.486666666667
5429.486666666667
5429.486666666667
5429.486666666667
5429.486666666667
5429.486666666667
5429.486666666667
5429.486666666667
5429.486666666667
5429.486666666667
5429.486666666667
5429.486666666667
5429.486666666667
5429.486666666667
5429.486666666667
5429.486666666667
5429.486666666667
5429.486666666667
5429.486666666667
5429.486666666667
5429.486666666667
5429.486666666667
5429.486666666667
1.0
1.0
1.0
1.0
1.0
1.0
1.0
1.0
1.0
1.0
1.0
1.0
1.0
1.0
1.0
1.0
1.0
1.0
1.0
1.0
1.0
1.0
1.0
1.0
1.0
1.0
1.0
1.0
1.0
1.0
1.0
1.0
1.0
1.0
1.0
1.0
1.0
1.0
1.0
1.0
1.0
1.0
1.0
1.0
1.0
1.0
1.0
1.0
1.0
1.0
1.0
1.0
1.0
1.0
1.0
1.0
1.0
1.0
1.0
1.0
20.228571428571428
20.323076923076922
20.323076923076922
20.228571428571428
20.323076923076922
20.323076923076922
20.323076923076922
20.323076923076922
20.323076923076922
20.323076923076922
20.323076923076922
20.323076923076922
20.323076923076922
20.323076923076922
20.323076923076922
20.323076923076922
20.228571428571428
20.323076923076922
20.323076923076922
20.228571428571428
20.228571428571428
20.228571428571428
20.228571428571428
20.228571428571428
20.228571428571428
20.228571428571428
20.228571428571428
20.228571428571428
20.228571428571428
20.323076923076922
20.323076923076922
20.323076923076922
20.228571428571428
20.323076923076922
20.323076923076922
20.228571428571428
20.228571428571428
20.323076923076922
20.323076923076922
20.323076923076922
20.323076923076922
20.228571428571428
20.323076923076922
20.323076923076922
20.323076923076922
20.323076923076922
20.323076923076922
20.323076923076922
20.323076923076922
20.323076923076922
20.228571428571428
20.323076923076922
20.323076923076922
20.323076923076922
20.323076923076922
20.323076923076922
20.323076923076922
20.228571428571428
20.228571428571428
20.228571428571428
1.0
1.0
1.0
1.0
1.0
1.0
1.0
1.0
1.0
1.0
1.0
1.0
1.0
1.0
1.0
1.0
1.0
1.0
1.0
1.0
1.0
1.0
1.0
1.0
1.0
1.0
1.0
1.0
1.0
1.0
1.0
1.0
1.0
1.0
1.0
1.0
1.0
1.0
1.0
1.0
1.0
1.0
1.0
1.0
1.0
1.0
1.0
1.0
1.0
1.0
1.0
1.0
1.0
1.0
1.0
1.0
1.0
1.0
1.0
1.0
319.1166666666667
319.1166666666667
319.1166666666667
319.1166666666667
319.1166666666667
319.1166666666667
319.1166666666667
319.1166666666667
319.1166666666667
319.1166666666667
319.1166666666667
319.1166666666667
319.1166666666667
319.1166666666667
319.1166666666667
319.1166666666667
319.1166666666667
319.1166666666667
319.1166666666667
319.1166666666667
319.1166666666667
319.1166666666667
319.1166666666667
319.1166666666667
319.1166666666667
319.1166666666667
319.1166666666667
319.1166666666667
319.1166666666667
319.1166666666667
319.1166666666667
319.1166666666667
319.1166666666667
319.1166666666667
319.1166666666667
319.1166666666667
319.1166666666667
319.1166666666667
319.1166666666667
319.1166666666667
319.1166666666667
319.1166666666667
319.1166666666667
319.1166666666667
319.1166666666667
319.1166666666667
319.1166666666667
319.1166666666667
319.1166666666667
319.1166666666667
319.1166666666667
319.1166666666667
319.1166666666667
319.1166666666667
319.1166666666667
319.1166666666667
319.1166666666667
319.1166666666667
319.1166666666667
319.1166666666667
1529.9366666666667
1529.9366666666667
1529.9366666666667
1529.9366666666667
1529.9366666666667
1529.9366666666667
1529.9366666666667
1529.9366666666667
1529.9366666666667
1529.9366666666667
1529.9366666666667
1529.9366666666667
1529.9366666666667
1529.9366666666667
1529.9366666666667
1529.9366666666667
1529.9366666666667
1529.9366666666667
1529.9366666666667
1529.9366666666667
1529.9366666666667
1529.9366666666667
1529.9366666666667
1529.9366666666667
1529.9366666666667
1529.9366666666667
1529.9366666666667
1529.9366666666667
1529.9366666666667
1529.9366666666667
1529.9366666666667
1529.9366666666667
1529.9366666666667
1529.9366666666667
1529.9366666666667
1529.9366666666667
1529.9366666666667
1529.9366666666667
1529.9366666666667
1529.9366666666667
1529.9366666666667
1529.9366666666667
1529.9366666666667
1529.9366666666667
1529.9366666666667
1529.9366666666667
1529.9366666666667
1529.9366666666667
1529.9366666666667
1529.9366666666667
1529.9366666666667
1529.9366666666667
1529.9366666666667
1529.9366666666667
1529.9366666666667
1529.9366666666667
1529.9366666666667
1529.9366666666667
1529.9366666666667
1529.9366666666667
106.99333333333334
106.99333333333334
106.99333333333334
106.99333333333334
106.99333333333334
106.99333333333334
106.99333333333334
106.99333333333334
106.99333333333334
106.99333333333334
106.99333333333334
106.99333333333334
106.99333333333334
106.99333333333334
106.99333333333334
106.99333333333334
106.99333333333334
106.99333333333334
106.99333333333334
106.99333333333334
106.99333333333334
106.99333333333334
106.99333333333334
106.99333333333334
106.99333333333334
106.99333333333334
106.99333333333334
106.99333333333334
106.99333333333334
106.99333333333334
106.99333333333334
106.99333333333334
106.99333333333334
106.99333333333334
106.99333333333334
106.99333333333334
106.99333333333334
106.99333333333334
106.99333333333334
106.99333333333334
106.99333333333334
106.99333333333334
106.99333333333334
106.99333333333334
106.99333333333334
106.99333333333334
106.99333333333334
106.99333333333334
106.99333333333334
106.99333333333334
106.99333333333334
106.99333333333334
106.99333333333334
106.99333333333334
106.99333333333334
106.99333333333334
106.99333333333334
106.99333333333334
106.99333333333334
106.99333333333334
1.0
1.0
1.0
1.0
1.0
1.0
1.0
1.0
1.0
1.0
1.0
1.0
1.0
1.0
1.0
1.0
1.0
1.0
1.0
1.0
1.0
1.0
1.0
1.0
1.0
1.0
1.0
1.0
1.0
1.0
1.0
1.0
1.0
1.0
1.0
1.0
1.0
1.0
1.0
1.0
1.0
1.0
1.0
1.0
1.0
1.0
1.0
1.0
1.0
1.0
1.0
1.0
1.0
1.0
1.0
1.0
1.0
1.0
1.0
1.0
1.9
5.344444444444444
1.9
1.9
5.344444444444444
1.9
1.9
1.9
1.9
5.344444444444444
5.344444444444444
1.9
1.9
5.344444444444444
1.9
5.344444444444444
1.9
1.9
5.344444444444444
1.9
5.344444444444444
1.9
1.9
1.9
1.9
1.9
5.344444444444444
5.344444444444444
1.9
1.9
5.344444444444444
1.9
0.6
1.9
5.344444444444444
1.9
1.9
1.9
1.9
1.9
5.344444444444444
1.9
5.344444444444444
1.9
1.9
1.9
1.9
1.9
1.9
5.344444444444444
1.9
5.344444444444444
5.344444444444444
0.6
1.9
1.9
1.9
5.344444444444444
1.9
1.9
34.346666666666664
34.346666666666664
34.346666666666664
34.346666666666664
34.346666666666664
34.346666666666664
34.346666666666664
34.346666666666664
34.346666666666664
34.346666666666664
34.346666666666664
34.346666666666664
34.346666666666664
34.346666666666664
34.346666666666664
34.346666666666664
34.346666666666664
34.346666666666664
34.346666666666664
34.346666666666664
34.346666666666664
34.346666666666664
34.346666666666664
34.346666666666664
34.346666666666664
34.346666666666664
34.346666666666664
34.346666666666664
34.346666666666664
34.346666666666664
34.346666666666664
34.346666666666664
34.346666666666664
34.346666666666664
34.346666666666664
34.346666666666664
34.346666666666664
34.346666666666664
34.346666666666664
34.346666666666664
34.346666666666664
34.346666666666664
34.346666666666664
34.346666666666664
34.346666666666664
34.346666666666664
34.346666666666664
34.346666666666664
34.346666666666664
34.346666666666664
34.346666666666664
34.346666666666664
34.346666666666664
34.346666666666664
34.346666666666664
34.346666666666664
34.346666666666664
34.346666666666664
34.346666666666664
34.346666666666664
239.68
239.68
239.68
239.68
239.68
239.68
239.68
239.68
239.68
239.68
239.68
239.68
239.68
239.68
239.68
239.68
239.68
239.68
239.68
239.68
239.68
239.68
239.68
239.68
239.68
239.68
239.68
239.68
239.68
239.68
239.68
239.68
239.68
239.68
239.68
239.68
239.68
239.68
239.68
239.68
239.68
239.68
239.68
239.68
239.68
239.68
239.68
239.68
239.68
239.68
239.68
239.68
239.68
239.68
239.68
239.68
239.68
239.68
239.68
239.68
38.53333333333333
167.37777777777777
167.37777777777777
38.53333333333333
38.53333333333333
38.53333333333333
38.53333333333333
38.53333333333333
38.53333333333333
167.37777777777777
38.53333333333333
38.53333333333333
38.53333333333333
38.53333333333333
38.53333333333333
38.53333333333333
38.53333333333333
167.37777777777777
38.53333333333333
38.53333333333333
38.53333333333333
38.53333333333333
38.53333333333333
38.53333333333333
38.53333333333333
38.53333333333333
38.53333333333333
38.53333333333333
38.53333333333333
38.53333333333333
38.53333333333333
38.53333333333333
38.53333333333333
38.53333333333333
38.53333333333333
38.53333333333333
38.53333333333333
38.53333333333333
38.53333333333333
38.53333333333333
38.53333333333333
38.53333333333333
38.53333333333333
38.53333333333333
38.53333333333333
167.37777777777777
38.53333333333333
38.53333333333333
38.53333333333333
167.37777777777777
38.53333333333333
38.53333333333333
38.53333333333333
167.37777777777777
38.53333333333333
167.37777777777777
38.53333333333333
38.53333333333333
167.37777777777777
38.53333333333333
1170.2
1170.2
1170.2
1170.2
1170.2
1170.2
1251.84
1251.84
999.8285714285714
1636.8
1636.8
829.6285714285714
1636.8
1636.8
829.6285714285714
1021.025
999.8285714285714
1021.025
1251.84
1636.8
1636.8
3957.9076282263136
1636.8
1636.8
1636.8
829.6285714285714
829.6285714285714
1636.8
1636.8
1636.8
829.6285714285714
1170.2
1170.2
1251.84
509.06666666666666
522.6809460713109
509.06666666666666
500.3190539286891
509.06666666666666
1636.8
829.6285714285714
1636.8
829.6285714285714
1636.8
1170.2
1170.2
1251.84
999.8285714285714
1021.025
999.8285714285714
1021.025
1021.025
999.8285714285714
999.8285714285714
1021.025
1170.2
1170.2
999.8285714285714
1021.025
1021.025
