10
1
1
1
8
1
38
22
13
3
2
4
1
1
1
1
1
1
2
1
2
16
1
2
1
1
1
1
1
1
1
100
1
1
1
1
8
1
1
1
1
1
1
2
1
19
4
8
46
1
1
28
11
1
1
1
1
1
29
1
1
3
2
1
1
1
1
1
1
1
12
1
1
1
1
1
1
1
1
91
2
1
2
8
1
6
1
1
1
1
1
1
4
5
1
1
17
1
1
14
1
1
7
1
1
83
5
5
1
1
1
1
1
1
1
7
1
1
1
4
1
6
1
1
1
91
1
1
2
1
1
1
26
11
1
1
1
1
4
2
1
1
91
18
1
1
1
2
1
1
6
1
1
1
1
1
1
1
8
1
1
1
1
1
1
1
2
1
1
1
13
4
1
1
1
1
1
14
1
2
1
2
12
1
1
14
1
11
8
12
1
4
1
11
1
1
1
1
1
3
1
1
1
1
1
1
4
1
1
1
1
10
1
1
5
1
1
3
1
14
1
1
1
1
1
2
1
72
1
1
9
8
1
3
1
3
1
1
2
1
1
1
12
1
60
1
1
1
1
1
1
1
1
2
2
1
1
1
16
21
5
5
1
1
2
1
1
1
1
1
1
6
1
3
1
1
1
2
1
2
2
1
1
1
1
1
1
1
1
1
2
1
1
1
1
1
1
2
3
10
4
28
1
1
3
1
1
1
1
26
1
1
1
1
1
1
1
1
3
1
1
2
1
1
1
13
24
1
1
17
1
4
4
9
1
1
1
1
2
35
4
1
9
1
1
7
1
10
1
1
1
1
4
1
1
10
1
1
1
1
1
15
1
2
10
1
1
35
1
1
2
100
1
1
1
1
3
1
1
1
1
1
1
1
1
1
1
4
2
1
1
1
1
1
12
3
1
1
1
1
1
9
1
1
1
24
1
1
1
27
1
1
5
1
5
5
1
2
1
1
1
1
1
3
2
1
171
2
1
1
3
1
3
1
1
1
1
1
1
1
14
1
1
1
1
8
1
1
1
17
1
1
1
1
1
1
1
8
1
1
1
1
1
1
2
1
36
1
1
10
1
1
1
1
1
1
1
1
1
7
1
3
1
9
1
16
1
1
1
106
1
1
1
16
1
1
21
1
2
1
2
1
1
1
10
1
1
3
1
1
1
1
6
1
1
1
1
1
2
1
1
1
1
1
1
1
1
7
6
100
1
1
1
1
1
1
2
1
11
2
1
2
1
1
1
1
4
1
1
1
1
34
16
1
1
4
3
2
5
1
1
1
1
1
1
3
1
1
6
1
1
1
1
1
1
2
1
1
4
1
1
5
1
1
1
1
1
1
1
1
1
1
1
4
1
1
5
11
2
1972
15
1
1
1
2
1
1
1
1
1
2
1
1
1
1
4
1
2
1
1
6
1
1
1
1
21
13
1
2
1
1
4
3
8
1
1
1
14
1
2
1
1
1
1
1
1
1
1000
1
1
2
1
1
1
1
4
1
1
1
4
1
1
1
1
1
1
1
1
20
3
1
1
3
30
1
1
1
1
1
1
7
2
1
1
1
4
1
1
9
1
1
1
7
1
1
1
9
1
1
4
2
7
1
1
1
1
1
29
1
1
1
1
1
1
3
1
1
1
1
1
31
1
1
1
1
12
1
1
1
2
2
3
3
1
1
1
35
1
1
1
5
1
1
1
1
1
51
1
1
1
1
1
3
1
1
1
1
3
2
1
1
1
1
1
1
4
1
1
1
4
1
1
5
1
1
1
3
1
1
3
7
2
5
12
12
1
1
1
1
1
1
1
1
1000
1
1
5
1
5
1
1
1
1
1
1
5
1
1
4
1
1
1
23
1
1
35
1
2
51
1
2
1
2
1
1
1
5
4
1
1
1
1
1
1
1
11
10
1
1
1
1
1
1
1
1
1
37
1
1
1
1
15
3
1
1
4
1
1
1
1
1
1
1
1
1
6
1
1
1
1
1
1
21
12
1
1
1
1
14
1
1
1
1
1
13
1
1
5
1
2
18
1
1
7
1
5
36
6
1
1
10
1
3
1
1
1
1
6
1
5
1
1
1
1
1
1
1
1
1
1
1
1
1
1
1
1
18
1
1
1
2
1
1
7
2
1
1
1
2
1
1
1
4
1
4
1
17
1
1
1
1
1
1
1
1
1
1
1
1
1
1
1
1
14
1
12
2
1
15
1
1
1
8
1
1
1
3
1
1
1
1
1
1
1
1
1
1
1
2
5
4
1
1
1
1
1
2
1
1
1
1
1
1
1
1
1
2
30
1
1
7
3
1
1
1
1
1
1
3
1
3
1
1
4
1
1
1
1
9
1
38
1
1
33
1
1
1
6
1
1
1
1
1
1
2
1
1
1
1
1
1
1
1
1
1
1
1
1
1
1
1
1
2
1
24
1
1
29
1
1
3
1
3
1
1
1
1
1
55
1
1
1
2
1
1
1
1
11
2
2
1
1
1
2
8
7
1
1
22
1
1
1
1
1
1
1
1
1
2
1
2
6
1
4
1
1
6
1
1
56
1
1
1
1
1
1
3
1
1
5
21
1
1
1
1
1
1
1
18
1
3
1
9
1
1
7
2
1
1
1
4
1
7
1
1
1
1
1
4
4
1
2
38
1
1
18
1
30
1
2
3
1
39
1
1
6
1
3
1
2
1
1
1
1
1
1
1
1
2
2
3
1
1
86
2
1
5
1
1
1
1
1
1
25
39947
8
5
1
1
1
3
6
1
1
1
2
1
7
1
4
1
6
1
16
13
1
1
1
1
8
1
1
9
1
7
1
2
1
1
1
4
1
1
1
7
1
8
7
1
6
1
1
2
17
1
1
1
1
1
1
2
6
1
1
1
1
19
1
1
2
100
1
1
1
5
1
1
4
1
1
2
1
1
1
1
1
1
8
9
29
1
1
1
47
1
1
1
1
1
1
1
1
21
1
1
1
32
4
1
4
1
1
4
1
5
10
1
1
1
1
1
1
1
1
1
1
1
7
1
36
1
1
1
1
1
1
2
8
1
1
1
1
1
20
1
2
1
1
1
1
1
1
1
5
1
1
2
1
1
521
1
1
1
2
1
207
1
1
1
5
1
6
1
2
34
2
1
1
1
1
1
1
1
1
1
1
2
5
1
1
1
9
1
1
1
1
1
1
1
29
1
1
1
1
1
1
1
5
1
14
3
1
1
1
1
1
1
8
9
11
1
1
1
9
1
1
3
1
1
1
2
1
6
1
1
1
4
1
1
15
1
1
1
1
1
1
1
2
1
4
1
1
1
1
1
1
2
2
1
1
1
1
1
1
1
1
1
1
1
4
6
1
1
1
2
7
1
1
1
1
1
1
4
2
1
1
1
1
1
4
46
1
1
1
1
1
1
1
1
2
4
1
1
1
1
1
1
3
1
1
6
2
1
1
1
1
1
3
1
1
1
14
1
1
1
1
1
1
2
9
1
1
1
1
1
1
22
1
1
1
1
5
1
3
1
1
1
1
1
2
1
1
1
1
1
1
2
1
31
1
21
1
1
1
4
26
1
1
1
1
1
1
1
14
1
1
1
1
2
1
1
1
23
8
7
1
1
1
1
1
1
1
1
1
1
1
9
2
1
7
1
1
1
1
1
1
1
1
1
2
1
1
1
1
1
4
1
1
1
3
1
34
1
1
1
1
1
1
1
1000
1
1
1
1
8
1
1
1
5
1
1
1
1
1
1
1
1
1
2
1
1
1
1
1
2
1
1
26
1
29
1
1
1
1
1
4
5
2
1
2
1
1
1
1
1
2
18
1
1
1
1
1
1
1
14
1
5
1
1
1
4
1
1
5
1
1
1
4
10
2
1
1
1
1
1
1
1
1
1
5
8
1
35
1
4
1
7
1
1
26
3
1
1
28
1
1
6
1
5
1
2
16
15
1
1
1
1
1
1
1
15
1
1
1
1
11
7
1
1
1
1
1
1
2
23
1000
1
1
29
1
326
15
5
1
1
1
1
5
1
1
1
1
1
25
1
1
5
89
3
1
1
86
7
1
1
1
1
1
1
2
1
2
1
1
8
1
1
1
4
1
1
1
1
1
1
6
1
1
1
1
1
1
1
9
2
1
1
1
5
3
3
10
1
9
14
1
14
1
2
1
1
1
1
1
1
1
91
1
2
1
1
1
1
1
1
9
35
1
11
1
4
1
2
1
1
2
1
1
1
1
1
7
1
1
1
1
32
1
1
1
11
1
1
1
1
1
1
1
8
1
1
1
28
1
1
1
2
1
1
1
1
2
1
1
2
1
1
1
2
1
16
4
1
3
1
1
2
8
1
2
1
1
1
1
1
1
1
1
4
1
1
1
4
1
1
1
1
13
1
6
9
2
1
1
1
1
4
3
1
1
2
1
1
1
8
2
1
1
1
1
1
1
6
1
1
3
1
1
1
1
1
2
1
3
1
1
3
1
2
2
1
1
1
1
1
2
4
1
1
1
1
1
1
1
7
22
1
1
3
1
1
1
1
8
1
1
1
15
1
4
2
1
1
1
1
8
1
1
1
4
1
1
1
1
1
1
1
1
1
1
1
1
1
6
5
1
1
1
1
1
4
1
1
1
1
1
17
1
1
10
1
6
8
28
1
5
1
25
1
1
2
1
1
1
1
1000
22
10
1
3
7
1
1
1
1
1
1
1
1
1
1
1
1
1
5
1
1
1
1
1
1
1
99
1
1
1
1
1
1
1
1
1
1
1
1
1
1
1
1
1
1
1
4
4
1
1
1
1
11
1
6
1
1
8
1
30
2
1
1
1
2
1
2
4
11
1
1
3
1
1
1
1
1
2
1
1
5
2
12
1
4
6
1
5
1
1
1
1000
1
4
1
7
1
1
11
3
1
3
1
1
1
1
8
1
1
5
9
1
27
1
1
1
1
6
1
1
4
1
1
1
1
9
1
1
1
1
1
1
69
10
1
1
1
1
1
1
4
2
6
4
1
2
6
171
12
1
12
4
129
1
23
1
7
1
12
1
1
1
1
1
1
1
1
9
2
1
1
1
1
1
1
1
1
1
1
2
5
4
2
1
1
1
1
1
92
2
1
1
1
1
1
5
1
2
8
3
1
1
1
1
1
2
1
12
2
16
1
1
86
16
10
1
1
2
11
3
1
2
1
1
1
1
1
1
1
1
1
7
1
1
2
1
1
1
1
1
1
8
37
1
1
5
1
45
2
34
1
1
1
1
8
1
1
1
1
1
1
1
6
1
1
1
1
1
2
9
1
1
1
1
1
1
107
1
1
1
1
1
1
1
1
1
1
1
1
11
5
1
1
1
1
1
1
1
1
1
7
1
1
32
28
1
8
8
1
1
1
1
1
1
1
1
2
1
1
1
1
3
1
1
46
4
1
3
1
1
1
1
1
1
1
1
1
1
1
8
1
1
1
1
2
1
2
1
4
1
1
1
1
1
1
1
1
1
1
1
1
1
4
3
18
1
1
1
1
3
1
1
1
1
1
24
1
1
1
1
1
1
1
3
1
1
1
1
3
4
1
1
1
1
1
1
1
1
7
1
4
1
1
6
1
1
1
3
1
1
1
1
1
2
1
1
1
5
1
1
4
31
1
1
1
1
1
36
1
1
6
3
1
1
40
1
53
1
3
1
1
1
4
7
1
4
1
1
1
1
1
1
1
1
1
4
2
1
1
3
1
1
1
1
1
1
4
1
1
1
1
1
1
1
1
1
2
1
9
1
1
1
1
1
1
1
1
1
1
1
2
4
1
1
1
1
1
1
1
2
2
1
34
1
4
1
1
1
1
1
1
1
1
1
1
1
4
1
29
1
1
2
2
1
1
1
1
1
1
1
1
1
1
13730
1
1
1
1
1
1
1
5
1
1
2
1
4
2
1
1
1
8
1
1
1
2
1
2
31
57
1
1
1
1
6
1
31
1
1
1
1
2
1
3
1
1
1
1
1
1
3
1
1
2
1
7
1
2
1
1
1
1
1
1
1
1
1
4
1
5
24
2
11
2
1
1
1
2
1
2
4
1
1
1
1
192
1
2
1
1
1
1
1
1
2
1
1
1
1
9
1
5
1
1
1
1
1
2
1
1
1
1
2
1
7
10
1
1
4
1
34
1
1
2
1
1
1
1
1
1
1
7
1
10
1
1
1
1
1
1
1
2
100
34
4
20
1
1
1
8
3
4
1
1
1
1
1
1
2
13
3
1
1
50
1
1
1
1
1
1
1
1
1
1
1
1
1
1
1
1
1
86
30
1
1
1
1
1
1
2
1
1
11
1
2
1
1
1
1
1
1
1
4
1
2
5
3
1
1
1
1
1
12
1
1
1
1
2
1
1
8
2
8
1
1
1
1
1
1
1
1
1
1
1
1
1
17
5
1
1
1
1
2
1
10
22
1
1
1
1
28
1
1
6
1
1
2
1
1
1
1
1
10
1
8
1
1
1
1
1
2
1
1000
2
1
1
4
1
1
10
2
1
3
3
1
1
1
2
14
1
2
1
2
1
1
1
1
1
1
1
1
1
5
3
1
2
1
1
11
1
2
5
1
1
2
1
1
4
1
1
3
1
1
1
1
17
1
1
1
1
1
2
1
1
1
1
1
4
1
1
1
4
23
1
1
1
1
1
1
2
1
22
1
1
7
1
1
1
2
1
2
1
1
1
1
1
1
1
9
1
1
1
8
1
1
1
34
1
1
1
1
1
1
1
1
1
7
1
15
1
1
1
1
1
3
2
1
1
1
1
1
1
1
1
9
1
5
1
1
1
1
1
1
1
1
1
1
1
50
3
2
1
1
1
1
1
1
1
9
2
8
1
1
1
1
1
3
1
4
1
38
1
1
1
1
1
1
1
2
1
1
18
1
48
20
1
16
1
1
1
1
1
1
1
1
1
1
1
1
4
10
6
1
1
1
4
1
1
1
1
2
5
1
2
3
1
5
1
8
1
1
1
1
1
1
1
1
1
1
5
1
19
11
1
1
24
1
23
23
1
1
1
1
1
1
95
1
1
1
1
14
1
1
7
1
1
1
1
35
2
1
1
1
1
12
1
1
1
24
1
1
5
1
1
1
1
19
1
1
1
1
1
1
1
4
1
1
1
58
1
1
3
1
1
1
9
1
1
35
1
1
13
1
1
1
33
12
1
2
1
16
5
1
12
1
1
1
2
1
1
2
1
1
3
1
16
1
1
6
1
1
1
1
1
1
40
1
1
10
1
1
1
1
1
1
1
1
5
4
1
20
1
48
1
1
1
1
9
1
1
1
20
4
2
1
1
1
1
2
2
1
27
1
1
1
1
15
3
1
9
1
37
2
5
8
1
1
1
2
3
1
2
1
1
32
1
1
1
1
1
1
14
1
1
1
1
3
1
2
1
7
23
1
1
1
1
1
3
3
2
2
27
1
99
1
1
2
1
1
2
1
1
1
1
13
1
1
1
16
1
3
1
1
1
1
1
25
1
3
27
1
1
1
14
1
1
1
1
1
1
2
4
2
1
1
1
1
1
1
1
3
1
1
1
1
8
6
1
1
1
4
1
8
1
2
5
24
2
1
1
1
1
1
22
1
1
1
2
9
1
1
1
8
1
1
1
6
1
1
1
1
1
1
6
1
1
1
1
1
22
1
1
3
1
1
1
1
1
1
6
1
1
5
22
1
1
1
4
1
1
4
1
1
1
1
1
1
10
6
1
1
1
4
1
1
1
1
1
9
1
8
1
1
1
1
1
1
1
1
1
1
1
1
1
1
11
1
1
1
1
1
1
1
1
1
1
1
7
1
1
1
6
1
1
3
6
1
1
1
1
1
1
1
1
1
2
1
1
5
2
4
1
1
1
1
1
1
1
3
1
1
1
1
1
1
1
4
1
1
12
1
1
1
1
1
1
1
1
1
1
1
1
5
1
1
1
1
1
1
1
7
1
2
1
18
1
1
7
1
1
1
1
1
1
1
1
2
1
1
1
1
4
1
1
1
1
3
3
8
30
1
1
1
1
2
1
1
10
1
1
1
3
1
1
1
1
1
1
13
1
1
1
1
4
1
1
1
2
1
1
1
4
1
1
1
1
5
1
1
63
1
1
7
5
2
1
6
2
1
1
214
1
2
1
1
1
1
1
3
1
4
1
1
2
