ex_time
61.625
16.893364928909953
16.893364928909953
14.403225806451612
26.107142857142858
14.403225806451612
13.73076923076923
16.656429942418427
15.01923076923077
16.656429942418427
33.58227848101266
18.28235294117647
16.893364928909953
14.403225806451612
16.893364928909953
16.656429942418427
16.893364928909953
14.5
18.28235294117647
16.893364928909953
16.656429942418427
19.40963855421687
16.893364928909953
15.40625
276.8333333333333
16.893364928909953
16.893364928909953
13.625
16.656429942418427
16.893364928909953
18.28235294117647
21.342152392314272
21.82608695652174
16.893364928909953
22.88235294117647
16.656429942418427
19.40963855421687
16.893364928909953
14.403225806451612
17.454545454545453
16.893364928909953
33.58227848101266
16.893364928909953
16.656429942418427
16.656429942418427
16.656429942418427
257.6666666666667
16.656429942418427
21.59090909090909
16.153284671532848
13.478260869565217
21.59090909090909
113.66666666666667
16.153284671532848
16.656429942418427
16.153284671532848
16.656429942418427
40.82142857142857
16.656429942418427
14.602409638554217
16.656429942418427
16.656429942418427
16.656429942418427
16.893364928909953
18.28235294117647
16.893364928909953
16.893364928909953
14.666666666666666
13.478260869565217
14.602409638554217
17.714285714285715
16.893364928909953
22.88235294117647
16.893364928909953
16.893364928909953
16.893364928909953
16.656429942418427
18.28235294117647
16.893364928909953
199.14285714285714
16.656429942418427
16.656429942418427
16.656429942418427
26.107142857142858
16.893364928909953
26.107142857142858
16.893364928909953
18.89479609021528
16.656429942418427
16.656429942418427
15.133333333333333
16.656429942418427
14.692307692307692
15.206896551724139
16.656429942418427
16.893364928909953
18.823529411764707
16.893364928909953
16.893364928909953
33.58227848101266
16.893364928909953
15.76923076923077
16.656429942418427
13.73076923076923
21.82608695652174
47.273673300003374
14.170926865250394
17.714285714285715
17.666666666666668
16.153284671532848
33.58227848101266
14.602409638554217
18.28235294117647
16.656429942418427
14.777777777777779
18.28235294117647
13.73076923076923
16.893364928909953
18.28235294117647
26.107142857142858
18.28235294117647
15.01923076923077
16.153284671532848
16.893364928909953
15.40625
33.58227848101266
15.066666666666666
13.714285714285714
19.40963855421687
14.0
15.133333333333333
16.893364928909953
22.5
26.107142857142858
13.73076923076923
13.73076923076923
16.656429942418427
14.602409638554217
33.58227848101266
18.28235294117647
16.153284671532848
16.893364928909953
199.14285714285714
26.107142857142858
13.478260869565217
16.893364928909953
16.893364928909953
16.656429942418427
16.893364928909953
18.28235294117647
16.656429942418427
16.893364928909953
13.478260869565217
14.602409638554217
16.656429942418427
16.893364928909953
16.893364928909953
16.893364928909953
16.170731707317074
16.893364928909953
16.893364928909953
16.893364928909953
22.88235294117647
16.893364928909953
16.893364928909953
33.58227848101266
16.656429942418427
13.625
40.82142857142857
16.893364928909953
26.107142857142858
26.107142857142858
16.893364928909953
16.893364928909953
16.656429942418427
14.403225806451612
16.893364928909953
16.656429942418427
19.40963855421687
21.5
17.454545454545453
16.656429942418427
16.656429942418427
16.893364928909953
16.893364928909953
26.107142857142858
16.893364928909953
26.107142857142858
16.656429942418427
15.01923076923077
16.893364928909953
22.88235294117647
15.066666666666666
26.107142857142858
13.73076923076923
16.153284671532848
13.73076923076923
16.893364928909953
16.893364928909953
16.656429942418427
18.28235294117647
16.893364928909953
16.893364928909953
16.153284671532848
16.893364928909953
16.893364928909953
15.64102564102564
33.58227848101266
16.893364928909953
16.893364928909953
16.893364928909953
18.28235294117647
16.893364928909953
14.777777777777779
15.01923076923077
14.363636363636363
22.88235294117647
16.656429942418427
16.893364928909953
18.28235294117647
14.403225806451612
14.403225806451612
16.893364928909953
13.833333333333334
16.656429942418427
16.656429942418427
13.478260869565217
87.53480086689386
16.893364928909953
16.893364928909953
16.656429942418427
15.01923076923077
16.893364928909953
15.01923076923077
16.893364928909953
15.64102564102564
16.656429942418427
13.9
16.656429942418427
16.893364928909953
16.893364928909953
16.656429942418427
18.28235294117647
16.893364928909953
13.73076923076923
22.88235294117647
16.656429942418427
16.893364928909953
14.403225806451612
16.893364928909953
13.73076923076923
16.656429942418427
16.893364928909953
18.28235294117647
16.656429942418427
16.893364928909953
16.893364928909953
18.28235294117647
16.656429942418427
16.656429942418427
61.625
15.206896551724139
16.153284671532848
16.893364928909953
16.656429942418427
16.893364928909953
16.893364928909953
16.893364928909953
13.73076923076923
16.893364928909953
16.893364928909953
16.170731707317074
16.893364928909953
19.40963855421687
13.875
22.88235294117647
16.893364928909953
33.58227848101266
16.893364928909953
16.656429942418427
16.656429942418427
13.272727272727273
16.893364928909953
16.893364928909953
16.153284671532848
16.893364928909953
14.403225806451612
21.699520637964383
14.602409638554217
16.893364928909953
19.40963855421687
15.64102564102564
16.893364928909953
16.893364928909953
16.893364928909953
16.893364928909953
16.893364928909953
17.454545454545453
19.40963855421687
18.28235294117647
26.107142857142858
26.107142857142858
16.893364928909953
16.893364928909953
17.714285714285715
16.893364928909953
16.893364928909953
14.0
16.656429942418427
18.28235294117647
14.602409638554217
16.893364928909953
16.893364928909953
16.893364928909953
16.893364928909953
16.893364928909953
14.403225806451612
16.656429942418427
18.28235294117647
16.656429942418427
16.656429942418427
16.656429942418427
18.28235294117647
14.403225806451612
16.893364928909953
33.58227848101266
26.107142857142858
22.88235294117647
16.893364928909953
16.656429942418427
13.73076923076923
16.656429942418427
18.28235294117647
16.656429942418427
61.333333333333336
16.893364928909953
16.893364928909953
16.893364928909953
18.28235294117647
26.107142857142858
16.656429942418427
16.656429942418427
455.0
16.656429942418427
13.9
33.58227848101266
16.893364928909953
16.656429942418427
16.893364928909953
16.893364928909953
16.893364928909953
16.656429942418427
16.656429942418427
18.28235294117647
16.893364928909953
26.107142857142858
16.893364928909953
18.28235294117647
16.656429942418427
16.893364928909953
14.777777777777779
15.01923076923077
16.893364928909953
16.656429942418427
18.28235294117647
18.28235294117647
16.656429942418427
33.58227848101266
16.893364928909953
16.893364928909953
18.28235294117647
20.53126018626886
33.58227848101266
33.58227848101266
16.656429942418427
16.893364928909953
19.40963855421687
16.893364928909953
16.893364928909953
16.893364928909953
15.9
13.9
21.82608695652174
16.893364928909953
16.656429942418427
30.166666666666668
16.656429942418427
16.656429942418427
16.153284671532848
14.403225806451612
18.28235294117647
16.656429942418427
13.272727272727273
16.893364928909953
15.64102564102564
18.823529411764707
22.88235294117647
16.893364928909953
13.5
61.0
16.893364928909953
18.28235294117647
16.893364928909953
16.656429942418427
16.893364928909953
18.28235294117647
16.893364928909953
16.893364928909953
16.153284671532848
16.656429942418427
16.893364928909953
16.153284671532848
16.656429942418427
16.893364928909953
33.58227848101266
18.28235294117647
16.893364928909953
18.28235294117647
16.656429942418427
40.82142857142857
13.73076923076923
14.602409638554217
16.153284671532848
33.58227848101266
16.656429942418427
16.893364928909953
199.14285714285714
16.656429942418427
16.893364928909953
16.893364928909953
15.01923076923077
16.893364928909953
18.28235294117647
16.893364928909953
16.893364928909953
16.893364928909953
16.893364928909953
16.153284671532848
16.893364928909953
16.893364928909953
16.656429942418427
16.893364928909953
16.893364928909953
16.893364928909953
14.777777777777779
26.107142857142858
14.0
16.893364928909953
18.28235294117647
16.656429942418427
14.602409638554217
16.893364928909953
16.656429942418427
16.153284671532848
16.153284671532848
16.893364928909953
13.9
199.14285714285714
21.82608695652174
15.76923076923077
16.153284671532848
16.893364928909953
16.893364928909953
18.28235294117647
16.656429942418427
16.893364928909953
18.823529411764707
16.893364928909953
13.73076923076923
835.2445134595943
16.153284671532848
16.893364928909953
16.893364928909953
16.893364928909953
16.893364928909953
16.656429942418427
14.602409638554217
16.893364928909953
16.893364928909953
26.107142857142858
13.73076923076923
16.656429942418427
16.893364928909953
15.01923076923077
15.133333333333333
16.656429942418427
16.893364928909953
16.893364928909953
16.893364928909953
194.00756947276054
14.602409638554217
16.666666666666668
16.153284671532848
15.64102564102564
16.893364928909953
16.893364928909953
18.28235294117647
13.73076923076923
16.656429942418427
15.40625
43.56911624650068
22.88235294117647
22.88235294117647
16.893364928909953
21.59090909090909
16.656429942418427
16.153284671532848
199.718502186477
16.153284671532848
16.893364928909953
16.893364928909953
14.8
15.01923076923077
16.153284671532848
16.893364928909953
22.88235294117647
16.893364928909953
16.893364928909953
17.714285714285715
15.133333333333333
16.893364928909953
16.893364928909953
16.893364928909953
16.656429942418427
16.893364928909953
16.656429942418427
16.893364928909953
16.170731707317074
33.58227848101266
24.056920856083348
14.2
16.893364928909953
16.893364928909953
17.88
16.656429942418427
13.9
16.153284671532848
13.478260869565217
16.656429942418427
16.153284671532848
16.153284671532848
16.656429942418427
276.8333333333333
16.893364928909953
18.28235294117647
16.153284671532848
26.107142857142858
16.893364928909953
16.893364928909953
16.153284671532848
14.403225806451612
26.107142857142858
26.107142857142858
16.893364928909953
16.893364928909953
19.40963855421687
17.714285714285715
15.0
15.206896551724139
40.82142857142857
16.893364928909953
276.8333333333333
15.40625
16.893364928909953
16.153284671532848
17.714285714285715
18.28235294117647
16.893364928909953
16.656429942418427
17.88
16.893364928909953
16.893364928909953
16.893364928909953
16.893364928909953
16.893364928909953
15.40625
16.656429942418427
16.656429942418427
26.107142857142858
16.893364928909953
16.893364928909953
15.206896551724139
16.893364928909953
16.656429942418427
16.893364928909953
16.893364928909953
21.82608695652174
13.727272727272727
16.153284671532848
15.666666666666666
16.893364928909953
16.893364928909953
16.893364928909953
14.692307692307692
16.893364928909953
13.625
15.206896551724139
16.656429942418427
19.40963855421687
177.0
25.946045988666384
16.893364928909953
16.893364928909953
16.893364928909953
15.40625
16.153284671532848
16.656429942418427
16.893364928909953
16.893364928909953
22.88235294117647
33.58227848101266
16.893364928909953
16.893364928909953
16.893364928909953
16.893364928909953
18.28235294117647
16.893364928909953
16.153284671532848
15.25
16.656429942418427
16.170731707317074
16.893364928909953
16.893364928909953
16.893364928909953
16.893364928909953
22.932067267908863
15.01923076923077
16.893364928909953
16.656429942418427
18.28235294117647
16.893364928909953
15.64102564102564
33.58227848101266
26.107142857142858
22.88235294117647
16.893364928909953
16.656429942418427
16.656429942418427
17.666666666666668
18.28235294117647
19.40963855421687
15.133333333333333
16.656429942418427
16.893364928909953
13.9
16.893364928909953
16.893364928909953
415.5
15.40625
16.893364928909953
18.28235294117647
16.893364928909953
16.893364928909953
16.893364928909953
17.454545454545453
33.58227848101266
16.893364928909953
18.28235294117647
22.88235294117647
26.107142857142858
16.656429942418427
13.73076923076923
16.893364928909953
16.893364928909953
14.602409638554217
16.893364928909953
16.893364928909953
16.893364928909953
16.656429942418427
19.40963855421687
16.656429942418427
16.153284671532848
14.11738067084828
26.107142857142858
18.28235294117647
16.153284671532848
16.893364928909953
14.602409638554217
16.893364928909953
16.893364928909953
16.170731707317074
18.28235294117647
16.893364928909953
16.893364928909953
16.153284671532848
26.107142857142858
18.28235294117647
16.893364928909953
16.170731707317074
16.893364928909953
18.28235294117647
16.893364928909953
16.170731707317074
16.893364928909953
16.893364928909953
14.602409638554217
26.107142857142858
15.066666666666666
16.656429942418427
15.01923076923077
18.28235294117647
18.28235294117647
13.272727272727273
16.893364928909953
16.893364928909953
14.0
13.478260869565217
16.656429942418427
16.893364928909953
16.893364928909953
16.893364928909953
16.893364928909953
16.893364928909953
16.893364928909953
16.656429942418427
14.403225806451612
18.28235294117647
16.893364928909953
17.88
16.893364928909953
26.107142857142858
16.893364928909953
16.893364928909953
16.893364928909953
14.777777777777779
273.0
16.893364928909953
26.107142857142858
15.76923076923077
15.01923076923077
16.656429942418427
16.656429942418427
16.666666666666668
16.893364928909953
16.893364928909953
16.893364928909953
26.107142857142858
14.777777777777779
16.893364928909953
16.893364928909953
16.656429942418427
16.893364928909953
16.893364928909953
16.893364928909953
16.893364928909953
16.893364928909953
16.656429942418427
16.893364928909953
16.656429942418427
16.893364928909953
16.893364928909953
16.893364928909953
15.01923076923077
18.28235294117647
16.893364928909953
16.893364928909953
16.893364928909953
16.656429942418427
33.58227848101266
16.893364928909953
16.893364928909953
14.692307692307692
16.893364928909953
33.58227848101266
16.893364928909953
15.40625
16.893364928909953
16.153284671532848
16.656429942418427
15.206896551724139
16.893364928909953
16.893364928909953
63.0
16.893364928909953
13.9
16.656429942418427
257.6666666666667
14.363636363636363
16.153284671532848
19.40963855421687
15.206896551724139
16.656429942418427
16.656429942418427
16.656429942418427
16.656429942418427
15.76923076923077
16.893364928909953
13.727272727272727
14.602409638554217
16.893364928909953
16.893364928909953
40.82142857142857
17.88
422.4434542975399
16.656429942418427
15.133333333333333
18.28235294117647
16.893364928909953
18.28235294117647
16.893364928909953
16.893364928909953
18.28235294117647
18.28235294117647
16.893364928909953
22.88235294117647
15.64102564102564
16.893364928909953
16.893364928909953
33.58227848101266
16.893364928909953
18.28235294117647
16.893364928909953
22.5
14.602409638554217
18.28235294117647
26.107142857142858
16.893364928909953
18.28235294117647
16.656429942418427
16.893364928909953
18.28235294117647
14.403225806451612
18.28235294117647
16.893364928909953
16.153284671532848
16.893364928909953
33.58227848101266
33.58227848101266
16.893364928909953
15.76923076923077
16.893364928909953
16.893364928909953
16.893364928909953
16.656429942418427
16.893364928909953
15.64102564102564
66.30027677352965
14.8
16.656429942418427
16.893364928909953
16.893364928909953
16.893364928909953
21.82608695652174
13.478260869565217
16.893364928909953
16.893364928909953
18.823529411764707
16.153284671532848
16.893364928909953
14.602409638554217
14.602409638554217
16.656429942418427
16.656429942418427
18.28235294117647
16.153284671532848
18.28235294117647
16.893364928909953
16.893364928909953
16.153284671532848
16.153284671532848
13.73076923076923
40.82142857142857
16.893364928909953
16.893364928909953
14.602409638554217
207.9513823460366
16.893364928909953
16.893364928909953
16.893364928909953
13.73076923076923
16.656429942418427
16.893364928909953
16.656429942418427
18.823529411764707
16.893364928909953
22.88235294117647
16.893364928909953
16.893364928909953
19.40963855421687
14.777777777777779
16.893364928909953
13.875
16.893364928909953
16.893364928909953
16.656429942418427
13.478260869565217
16.893364928909953
16.170731707317074
16.893364928909953
19.40963855421687
16.656429942418427
16.656429942418427
17.88
16.170731707317074
16.893364928909953
19.40963855421687
21.59090909090909
33.58227848101266
15.133333333333333
13.9
19.40963855421687
16.656429942418427
16.656429942418427
16.893364928909953
16.656429942418427
16.893364928909953
16.893364928909953
15.64102564102564
16.656429942418427
15.01923076923077
22.885212722052163
16.153284671532848
13.478260869565217
18.28235294117647
16.893364928909953
16.893364928909953
15.066666666666666
16.893364928909953
16.656429942418427
13.272727272727273
16.893364928909953
33.58227848101266
16.656429942418427
16.153284671532848
13.9
276.8333333333333
18.28235294117647
18.28235294117647
33.58227848101266
14.602409638554217
17.714285714285715
16.153284671532848
16.893364928909953
19.40963855421687
18.28235294117647
14.403225806451612
14.602409638554217
14.602409638554217
19.40963855421687
18.28235294117647
16.656429942418427
22.88235294117647
26.107142857142858
14.602409638554217
26.107142857142858
16.656429942418427
15.01923076923077
16.656429942418427
16.893364928909953
16.893364928909953
16.893364928909953
16.893364928909953
16.893364928909953
16.893364928909953
13.875
16.893364928909953
17.60536372596111
16.893364928909953
16.893364928909953
13.73076923076923
16.893364928909953
16.153284671532848
16.893364928909953
26.107142857142858
13.73076923076923
19.40963855421687
17.454545454545453
16.893364928909953
26.107142857142858
16.893364928909953
15.133333333333333
12.833333333333334
16.656429942418427
16.893364928909953
16.893364928909953
16.893364928909953
19.40963855421687
16.656429942418427
16.893364928909953
15.76923076923077
16.893364928909953
16.893364928909953
16.893364928909953
16.893364928909953
18.28235294117647
14.602409638554217
16.893364928909953
16.893364928909953
18.28235294117647
15.206896551724139
26.107142857142858
16.893364928909953
16.893364928909953
17.88
19.666666666666668
16.656429942418427
199.14285714285714
16.153284671532848
16.285714285714285
16.893364928909953
16.893364928909953
15.01923076923077
16.893364928909953
14.602409638554217
14.403225806451612
16.893364928909953
16.656429942418427
17.714285714285715
18.28235294117647
22.88235294117647
16.170731707317074
15.64102564102564
16.893364928909953
16.893364928909953
15.40625
16.893364928909953
16.153284671532848
15.133333333333333
19.40963855421687
16.656429942418427
18.28235294117647
16.893364928909953
16.893364928909953
26.107142857142858
16.153284671532848
13.9
16.893364928909953
16.893364928909953
17.714285714285715
16.893364928909953
61.5
16.893364928909953
16.893364928909953
26.107142857142858
16.893364928909953
15.133333333333333
276.8333333333333
16.170731707317074
13.272727272727273
16.893364928909953
16.893364928909953
16.893364928909953
16.893364928909953
16.893364928909953
33.58227848101266
16.656429942418427
13.73076923076923
16.893364928909953
16.893364928909953
16.153284671532848
13.73076923076923
13.478260869565217
16.893364928909953
21.82608695652174
16.893364928909953
16.893364928909953
16.893364928909953
16.893364928909953
15.066666666666666
16.893364928909953
15.133333333333333
16.893364928909953
18.28235294117647
14.403225806451612
18.28235294117647
16.893364928909953
16.893364928909953
26.107142857142858
16.893364928909953
16.893364928909953
17.714285714285715
16.893364928909953
16.656429942418427
16.893364928909953
16.893364928909953
16.153284671532848
16.153284671532848
14.8
177.0
16.893364928909953
16.656429942418427
16.893364928909953
18.28235294117647
16.666666666666668
16.893364928909953
13.625
14.403225806451612
26.107142857142858
18.28235294117647
19.40963855421687
15.01923076923077
14.602409638554217
16.893364928909953
16.656429942418427
15.01923076923077
16.170731707317074
16.656429942418427
14.403225806451612
26.107142857142858
15.76923076923077
14.333333333333334
16.893364928909953
16.893364928909953
15.01923076923077
16.656429942418427
22.88235294117647
13.727272727272727
16.893364928909953
16.656429942418427
18.28235294117647
18.28235294117647
33.58227848101266
16.656429942418427
16.656429942418427
16.893364928909953
16.893364928909953
19.40963855421687
16.893364928909953
16.893364928909953
16.656429942418427
61.0
16.656429942418427
40.82142857142857
16.893364928909953
17.88
18.28235294117647
19.40963855421687
14.602409638554217
16.893364928909953
58.26349240160105
15.01923076923077
16.893364928909953
13.478260869565217
13.714285714285714
13.73076923076923
16.893364928909953
40.82142857142857
18.28235294117647
16.656429942418427
16.893364928909953
16.656429942418427
16.893364928909953
15.64102564102564
16.893364928909953
16.893364928909953
16.170731707317074
16.656429942418427
18.28235294117647
14.2
16.893364928909953
15.01923076923077
16.893364928909953
16.656429942418427
16.893364928909953
22.88235294117647
16.656429942418427
16.656429942418427
16.893364928909953
26.107142857142858
16.170731707317074
14.602409638554217
18.28235294117647
21.59090909090909
14.602409638554217
16.153284671532848
19.40963855421687
16.893364928909953
18.823529411764707
16.893364928909953
16.656429942418427
33.58227848101266
15.10520390978472
26.107142857142858
15.40625
16.893364928909953
16.656429942418427
16.656429942418427
15.01923076923077
16.893364928909953
16.656429942418427
16.893364928909953
16.893364928909953
16.893364928909953
16.893364928909953
16.893364928909953
16.893364928909953
16.893364928909953
16.893364928909953
19.40963855421687
16.656429942418427
18.28235294117647
16.656429942418427
16.656429942418427
16.656429942418427
16.656429942418427
16.893364928909953
15.01923076923077
18.28235294117647
30.166666666666668
16.893364928909953
16.893364928909953
16.893364928909953
16.893364928909953
26.107142857142858
9096.695005943884
15.64102564102564
15.206896551724139
16.893364928909953
20.408430949136697
16.893364928909953
18.28235294117647
15.206896551724139
13.833333333333334
14.777777777777779
16.893364928909953
21.59090909090909
16.893364928909953
33.58227848101266
16.153284671532848
26.107142857142858
105.66666666666667
16.170731707317074
16.893364928909953
33.58227848101266
26.107142857142858
16.893364928909953
13.272727272727273
16.893364928909953
16.153284671532848
33.58227848101266
16.893364928909953
16.893364928909953
26.107142857142858
16.656429942418427
18.28235294117647
14.403225806451612
19.40963855421687
18.28235294117647
13.714285714285714
16.153284671532848
15.01923076923077
16.893364928909953
16.656429942418427
13.73076923076923
18.28235294117647
40.82142857142857
199.14285714285714
19.40963855421687
16.893364928909953
12.333333333333334
16.893364928909953
16.893364928909953
16.656429942418427
26.107142857142858
13.9
16.893364928909953
16.893364928909953
16.893364928909953
16.153284671532848
16.893364928909953
16.656429942418427
18.28235294117647
16.893364928909953
16.893364928909953
16.893364928909953
16.893364928909953
17.714285714285715
16.893364928909953
16.893364928909953
16.656429942418427
14239.101286380212
16.893364928909953
15.76923076923077
16.893364928909953
15.01923076923077
16.893364928909953
16.656429942418427
26.107142857142858
16.893364928909953
16.656429942418427
18.28235294117647
18.823529411764707
30.858957046052705
16.656429942418427
19.40963855421687
21.82608695652174
16.893364928909953
26.107142857142858
27.714285714285715
26.107142857142858
16.153284671532848
14.602409638554217
16.893364928909953
16.656429942418427
16.656429942418427
15.066666666666666
16.893364928909953
33.58227848101266
15.40625
14.602409638554217
16.893364928909953
16.153284671532848
21.59090909090909
16.893364928909953
16.893364928909953
16.656429942418427
26.107142857142858
22.88235294117647
16.656429942418427
15.64102564102564
16.656429942418427
16.656429942418427
19.40963855421687
16.893364928909953
15.206896551724139
18.28235294117647
16.893364928909953
16.893364928909953
16.893364928909953
16.153284671532848
16.893364928909953
13.727272727272727
16.893364928909953
16.893364928909953
16.666666666666668
16.893364928909953
16.893364928909953
16.170731707317074
13.727272727272727
16.656429942418427
14.403225806451612
16.893364928909953
16.893364928909953
21.82608695652174
16.153284671532848
16.893364928909953
16.656429942418427
16.656429942418427
16.893364928909953
16.893364928909953
13.5
16.893364928909953
16.893364928909953
33.58227848101266
13.272727272727273
18.28235294117647
14.602409638554217
16.893364928909953
16.893364928909953
16.153284671532848
14.777777777777779
22.88235294117647
16.893364928909953
54.61122332214581
16.893364928909953
14.403225806451612
16.656429942418427
13.73076923076923
18.28235294117647
618.8189591626704
16.893364928909953
14.363636363636363
16.656429942418427
18.28235294117647
14.403225806451612
33.58227848101266
16.893364928909953
16.893364928909953
13.73076923076923
33.58227848101266
22.88235294117647
16.170731707317074
16.656429942418427
18.28235294117647
17.714285714285715
19.40963855421687
16.656429942418427
17.88
13.833333333333334
16.893364928909953
16.893364928909953
15.5
16.656429942418427
22.88235294117647
16.893364928909953
16.656429942418427
16.656429942418427
16.170731707317074
16.893364928909953
13.478260869565217
16.893364928909953
16.656429942418427
16.893364928909953
16.893364928909953
14.403225806451612
15.133333333333333
15.9
16.893364928909953
18.28235294117647
21.59090909090909
13.73076923076923
16.893364928909953
16.893364928909953
15.64102564102564
16.656429942418427
16.893364928909953
16.656429942418427
18.28235294117647
16.656429942418427
26.107142857142858
15.01923076923077
16.893364928909953
16.656429942418427
13.416460217756287
16.893364928909953
13.73076923076923
16.893364928909953
26.107142857142858
15.01923076923077
26.107142857142858
13.73076923076923
16.893364928909953
16.893364928909953
19.40963855421687
16.656429942418427
16.893364928909953
15.0
16.893364928909953
16.153284671532848
16.893364928909953
18.28235294117647
16.656429942418427
61.625
16.893364928909953
16.893364928909953
16.893364928909953
18.28235294117647
17.072782279124326
16.656429942418427
21.59090909090909
16.153284671532848
16.893364928909953
13.73076923076923
21.82608695652174
14.777777777777779
16.893364928909953
16.893364928909953
17.714285714285715
16.893364928909953
16.656429942418427
16.893364928909953
13.73076923076923
16.893364928909953
16.893364928909953
16.153284671532848
16.656429942418427
18.28235294117647
63.0
16.893364928909953
13.73076923076923
13.625
13.9
16.893364928909953
16.893364928909953
16.893364928909953
16.893364928909953
16.893364928909953
18.28235294117647
16.893364928909953
19.40963855421687
19.40963855421687
16.893364928909953
16.656429942418427
16.893364928909953
14.333333333333334
16.170731707317074
16.893364928909953
15.014683106702911
18.28235294117647
16.0
16.893364928909953
16.893364928909953
26.107142857142858
16.656429942418427
16.893364928909953
16.893364928909953
16.893364928909953
18.28235294117647
16.893364928909953
18.28235294117647
26.107142857142858
16.893364928909953
16.893364928909953
18.28235294117647
16.656429942418427
16.893364928909953
16.893364928909953
16.656429942418427
14.5
15.40625
26.107142857142858
16.656429942418427
16.893364928909953
16.893364928909953
16.893364928909953
16.893364928909953
14.602409638554217
19.40963855421687
16.153284671532848
16.893364928909953
15.206896551724139
16.153284671532848
16.893364928909953
16.656429942418427
16.893364928909953
16.893364928909953
18.28235294117647
15.40625
17.88
16.153284671532848
16.893364928909953
26.107142857142858
16.893364928909953
16.153284671532848
16.893364928909953
12.833333333333334
18.28235294117647
13.9
17.714285714285715
15.01923076923077
21.82608695652174
16.893364928909953
16.153284671532848
16.656429942418427
16.893364928909953
16.893364928909953
15.01923076923077
40.82142857142857
18.28235294117647
16.893364928909953
16.893364928909953
19.40963855421687
16.893364928909953
33.58227848101266
16.893364928909953
16.893364928909953
14.0
16.893364928909953
16.893364928909953
16.333333333333332
16.893364928909953
16.893364928909953
16.893364928909953
304.3148249621457
13.625
16.893364928909953
105.66666666666667
40.82142857142857
21.59090909090909
16.656429942418427
13.73076923076923
16.656429942418427
16.893364928909953
13.73076923076923
16.656429942418427
18.823529411764707
14.363636363636363
16.893364928909953
16.893364928909953
13.73076923076923
16.893364928909953
16.656429942418427
16.893364928909953
64.33333333333333
16.656429942418427
16.893364928909953
16.893364928909953
16.893364928909953
18.28235294117647
14.403225806451612
13.73076923076923
16.893364928909953
26.107142857142858
61.625
16.656429942418427
14.403225806451612
16.893364928909953
18.28235294117647
16.656429942418427
14.403225806451612
16.893364928909953
16.893364928909953
16.656429942418427
19.666666666666668
16.893364928909953
13.73076923076923
455.0
15.666666666666666
16.893364928909953
15.206896551724139
14.403225806451612
22.88235294117647
13.73076923076923
16.153284671532848
16.893364928909953
16.893364928909953
16.893364928909953
16.656429942418427
16.893364928909953
16.656429942418427
16.893364928909953
16.893364928909953
18.28235294117647
22.88235294117647
16.893364928909953
18.28235294117647
16.656429942418427
17.88
13.625
19.40963855421687
26.57989467515514
26.107142857142858
15.01923076923077
16.893364928909953
15.40625
13.833333333333334
16.893364928909953
16.153284671532848
16.656429942418427
415.5
16.893364928909953
13.875
16.893364928909953
16.893364928909953
26.107142857142858
16.893364928909953
16.893364928909953
16.893364928909953
18.28235294117647
16.893364928909953
16.656429942418427
16.893364928909953
16.893364928909953
16.893364928909953
16.893364928909953
16.656429942418427
16.893364928909953
13.73076923076923
28.0
16.893364928909953
16.893364928909953
16.893364928909953
16.656429942418427
16.893364928909953
16.656429942418427
13.73076923076923
16.893364928909953
25.333333333333332
16.656429942418427
18.823529411764707
16.893364928909953
14.602409638554217
16.893364928909953
16.893364928909953
16.893364928909953
15.64102564102564
16.656429942418427
15.40625
16.656429942418427
16.656429942418427
17.454545454545453
16.893364928909953
40.82142857142857
15.066666666666666
16.893364928909953
19.40963855421687
61.625
16.656429942418427
18.28235294117647
16.893364928909953
16.893364928909953
21.82608695652174
13.875
16.893364928909953
15.01923076923077
16.893364928909953
16.656429942418427
16.893364928909953
16.656429942418427
16.893364928909953
26.107142857142858
16.893364928909953
16.893364928909953
33.58227848101266
16.893364928909953
16.893364928909953
18.28235294117647
26.107142857142858
15.01923076923077
18.28235294117647
16.656429942418427
16.656429942418427
16.893364928909953
16.893364928909953
16.893364928909953
16.893364928909953
16.893364928909953
16.656429942418427
16.893364928909953
15.64102564102564
19.40963855421687
16.656429942418427
19.0
16.893364928909953
19.40963855421687
16.893364928909953
18.28235294117647
16.893364928909953
16.893364928909953
21.59090909090909
18.28235294117647
22.88235294117647
16.893364928909953
18.823529411764707
13.833333333333334
16.893364928909953
16.656429942418427
16.893364928909953
15.206896551724139
16.893364928909953
33.58227848101266
21.59090909090909
18.28235294117647
16.893364928909953
13.73076923076923
15.76923076923077
16.893364928909953
16.893364928909953
16.893364928909953
19.40963855421687
26.107142857142858
14.403225806451612
16.893364928909953
16.893364928909953
16.153284671532848
26.107142857142858
16.170731707317074
14.363636363636363
13.833333333333334
16.656429942418427
16.893364928909953
16.893364928909953
16.893364928909953
16.656429942418427
26.107142857142858
162.74378165938944
16.893364928909953
16.893364928909953
15.666666666666666
16.893364928909953
838.5398650443133
26.107142857142858
18.28235294117647
12.833333333333334
16.893364928909953
16.893364928909953
15.64102564102564
15.206896551724139
14.602409638554217
16.893364928909953
16.893364928909953
16.893364928909953
16.893364928909953
15.01923076923077
18.28235294117647
18.28235294117647
15.64102564102564
16.656429942418427
19.40963855421687
14.8
15.40625
16.656429942418427
19.0
18.28235294117647
17.88
18.28235294117647
27.714285714285715
17.88
13.73076923076923
17.714285714285715
16.656429942418427
16.333333333333332
13.73076923076923
16.893364928909953
26.107142857142858
16.893364928909953
16.656429942418427
16.893364928909953
18.28235294117647
16.893364928909953
16.656429942418427
15.9
30.166666666666668
17.88
14.777777777777779
15.01923076923077
16.153284671532848
13.727272727272727
15.25
16.893364928909953
16.893364928909953
16.893364928909953
18.28235294117647
26.107142857142858
19.40963855421687
16.285714285714285
16.893364928909953
16.656429942418427
15.206896551724139
19.40963855421687
16.656429942418427
15.64102564102564
16.893364928909953
26.085539105126603
15.64102564102564
12.833333333333334
26.107142857142858
16.893364928909953
16.656429942418427
14.602409638554217
15.64102564102564
16.153284671532848
15.133333333333333
16.893364928909953
16.893364928909953
16.893364928909953
199.14285714285714
16.893364928909953
18.28235294117647
16.893364928909953
16.656429942418427
16.893364928909953
16.656429942418427
16.893364928909953
16.893364928909953
33.58227848101266
26.107142857142858
13.73076923076923
13.5
16.656429942418427
19.40963855421687
16.656429942418427
16.656429942418427
16.893364928909953
16.893364928909953
284.0
16.656429942418427
16.893364928909953
22.88235294117647
16.656429942418427
17.88
16.656429942418427
16.893364928909953
18.28235294117647
16.656429942418427
15.40625
18.28235294117647
13.73076923076923
16.893364928909953
16.893364928909953
26.107142857142858
16.893364928909953
16.893364928909953
19.40963855421687
13.478260869565217
16.893364928909953
40.82142857142857
18.823529411764707
18.28235294117647
16.656429942418427
14.403225806451612
16.153284671532848
16.656429942418427
16.893364928909953
16.656429942418427
40.82142857142857
13.478260869565217
16.656429942418427
16.893364928909953
16.893364928909953
16.893364928909953
18.28235294117647
16.893364928909953
21.59090909090909
16.666666666666668
14.602409638554217
16.893364928909953
12.333333333333334
18.28235294117647
16.656429942418427
15.01923076923077
22.88235294117647
16.153284671532848
18.28235294117647
13.272727272727273
16.153284671532848
16.656429942418427
26.107142857142858
16.893364928909953
18.28235294117647
16.893364928909953
16.893364928909953
12.438374833530188
14.602409638554217
14.602409638554217
13.73076923076923
16.656429942418427
16.893364928909953
16.656429942418427
15.9
16.893364928909953
16.285714285714285
26.107142857142858
16.153284671532848
16.656429942418427
16.893364928909953
14.403225806451612
26.107142857142858
40.82142857142857
13.5
26.107142857142858
33.58227848101266
16.893364928909953
18.28235294117647
16.893364928909953
16.893364928909953
26.107142857142858
16.656429942418427
16.153284671532848
16.893364928909953
16.656429942418427
16.153284671532848
16.893364928909953
16.893364928909953
16.170731707317074
17.714285714285715
16.893364928909953
16.893364928909953
15.133333333333333
16.893364928909953
16.893364928909953
14.602409638554217
17.714285714285715
18.28235294117647
15.5
19.40963855421687
16.893364928909953
14.602409638554217
16.893364928909953
16.893364928909953
16.656429942418427
33.58227848101266
19.0
284.0
16.893364928909953
16.893364928909953
16.656429942418427
16.893364928909953
16.656429942418427
13.272727272727273
16.893364928909953
15.133333333333333
14.602409638554217
16.893364928909953
13.478260869565217
28.0
26.107142857142858
15.40625
13.478260869565217
16.656429942418427
16.153284671532848
16.893364928909953
16.656429942418427
16.656429942418427
19.40963855421687
52322.0
22.88235294117647
16.893364928909953
16.656429942418427
22.88235294117647
16.893364928909953
16.656429942418427
18.28235294117647
16.656429942418427
16.893364928909953
16.893364928909953
13.73076923076923
33.58227848101266
18.28235294117647
19.40963855421687
16.656429942418427
16.893364928909953
16.893364928909953
16.893364928909953
29.605266016311532
16.170731707317074
14.602409638554217
16.893364928909953
16.893364928909953
18.28235294117647
16.656429942418427
16.893364928909953
16.893364928909953
15.64102564102564
16.893364928909953
13.73076923076923
16.656429942418427
19.40963855421687
13.73076923076923
16.893364928909953
16.893364928909953
18.28235294117647
33.58227848101266
16.656429942418427
61.625
14.692307692307692
19.40963855421687
16.893364928909953
16.656429942418427
16.893364928909953
16.656429942418427
16.893364928909953
16.656429942418427
16.893364928909953
15.133333333333333
16.893364928909953
17.714285714285715
13.727272727272727
16.153284671532848
18.28235294117647
22.88235294117647
16.656429942418427
33.58227848101266
22.5
16.893364928909953
15.206896551724139
16.893364928909953
16.656429942418427
16.893364928909953
16.153284671532848
18.28235294117647
16.893364928909953
16.153284671532848
16.893364928909953
16.656429942418427
2337.5565457024604
26.107142857142858
15.64102564102564
14.403225806451612
59.23931180994887
34.0
16.893364928909953
16.893364928909953
16.893364928909953
16.893364928909953
16.893364928909953
16.656429942418427
16.893364928909953
16.893364928909953
14.777777777777779
16.656429942418427
16.893364928909953
22.88235294117647
16.153284671532848
15.206896551724139
16.893364928909953
18.28235294117647
16.893364928909953
16.893364928909953
16.153284671532848
22.88235294117647
16.893364928909953
199.14285714285714
16.893364928909953
16.893364928909953
16.893364928909953
16.893364928909953
15.76923076923077
16.893364928909953
40.82142857142857
16.893364928909953
16.893364928909953
16.893364928909953
16.893364928909953
316.4201053248449
16.893364928909953
13.73076923076923
16.893364928909953
16.893364928909953
14.602409638554217
16.893364928909953
16.153284671532848
26.107142857142858
26.107142857142858
16.656429942418427
19.40963855421687
16.656429942418427
16.893364928909953
27.6
14.403225806451612
16.170731707317074
16.893364928909953
16.893364928909953
26.107142857142858
16.893364928909953
21.59090909090909
14.333333333333334
15.066666666666666
16.893364928909953
22.88235294117647
18.28235294117647
16.893364928909953
18.28235294117647
19.40963855421687
27.714285714285715
16.893364928909953
14.602409638554217
15.01923076923077
18.28235294117647
16.153284671532848
16.893364928909953
18.28235294117647
14.0
16.153284671532848
14.602409638554217
16.656429942418427
18.28235294117647
16.656429942418427
15.64102564102564
14.602409638554217
26.107142857142858
15.64102564102564
16.656429942418427
18.28235294117647
14.602409638554217
16.893364928909953
16.285714285714285
955.4562041934851
15.40625
16.656429942418427
16.893364928909953
18.28235294117647
16.893364928909953
16.893364928909953
26.107142857142858
17.714285714285715
22.88235294117647
15.666666666666666
16.656429942418427
14.403225806451612
16.893364928909953
40.82142857142857
26.107142857142858
22.88235294117647
18.28235294117647
33.58227848101266
26.107142857142858
16.893364928909953
15.01923076923077
16.893364928909953
16.893364928909953
14.363636363636363
22.88235294117647
16.656429942418427
16.893364928909953
40.82142857142857
26.107142857142858
15.9
16.893364928909953
16.893364928909953
13.875
16.656429942418427
16.153284671532848
16.893364928909953
16.893364928909953
16.893364928909953
16.656429942418427
16.893364928909953
16.656429942418427
26.107142857142858
16.656429942418427
15.76923076923077
16.893364928909953
14.403225806451612
16.656429942418427
16.893364928909953
26.107142857142858
18.28235294117647
16.656429942418427
19.40963855421687
16.893364928909953
18.28235294117647
15.64102564102564
199.14285714285714
33.58227848101266
16.893364928909953
273.0
26.107142857142858
16.656429942418427
16.893364928909953
16.656429942418427
17.88
16.170731707317074
16.893364928909953
52322.0
16.656429942418427
16.893364928909953
16.893364928909953
16.893364928909953
16.893364928909953
16.893364928909953
16.893364928909953
16.893364928909953
455.0
15.64102564102564
18.28235294117647
16.656429942418427
16.893364928909953
16.893364928909953
16.893364928909953
16.893364928909953
16.893364928909953
16.893364928909953
16.893364928909953
13.875
16.656429942418427
16.656429942418427
14.692307692307692
16.656429942418427
16.893364928909953
16.893364928909953
15.76923076923077
16.893364928909953
13.9
55.8760491784371
16.333333333333332
13.714285714285714
18.28235294117647
16.893364928909953
16.893364928909953
18.28235294117647
26.107142857142858
16.893364928909953
19.40963855421687
17.714285714285715
18.28235294117647
16.893364928909953
13.73076923076923
21.82608695652174
16.893364928909953
16.893364928909953
15.40625
16.893364928909953
273.0
15.64102564102564
61.5
16.893364928909953
16.656429942418427
16.656429942418427
16.656429942418427
26.107142857142858
16.656429942418427
16.893364928909953
16.656429942418427
33.58227848101266
33.58227848101266
15.76923076923077
40.82142857142857
13.73076923076923
16.893364928909953
16.893364928909953
14.403225806451612
14.363636363636363
40.82142857142857
16.656429942418427
14.602409638554217
16.893364928909953
19.40963855421687
40.82142857142857
16.893364928909953
16.656429942418427
14.602409638554217
16.656429942418427
16.893364928909953
16.893364928909953
16.656429942418427
16.893364928909953
52322.0
16.656429942418427
16.300479362035617
15.066666666666666
15.206896551724139
16.893364928909953
26.107142857142858
16.656429942418427
26.107142857142858
16.893364928909953
16.893364928909953
16.893364928909953
14.692307692307692
16.170731707317074
13.833333333333334
16.893364928909953
21.59090909090909
16.893364928909953
14.692307692307692
16.893364928909953
16.893364928909953
61.333333333333336
17.88
16.893364928909953
16.153284671532848
22.88235294117647
18.28235294117647
18.28235294117647
15.01923076923077
16.285714285714285
14.403225806451612
16.656429942418427
16.656429942418427
16.893364928909953
16.893364928909953
97.21849287515832
16.656429942418427
15.40625
16.893364928909953
22.88235294117647
16.656429942418427
14.403225806451612
16.893364928909953
13.73076923076923
17.454545454545453
15.40625
16.656429942418427
16.893364928909953
15.64102564102564
15.206896551724139
16.893364928909953
13.73076923076923
18.28235294117647
21.82608695652174
16.893364928909953
18.28235294117647
16.893364928909953
16.893364928909953
18.28235294117647
35.5
16.893364928909953
14.403225806451612
26.107142857142858
31.673314924988826
16.656429942418427
33.58227848101266
15.01923076923077
16.656429942418427
16.656429942418427
16.153284671532848
16.656429942418427
14.602409638554217
15.64102564102564
16.656429942418427
16.893364928909953
16.153284671532848
21.05498090299574
18.28235294117647
16.656429942418427
16.893364928909953
33.58227848101266
16.656429942418427
17.88
26.107142857142858
14.363636363636363
16.656429942418427
14.666666666666666
16.893364928909953
16.893364928909953
16.893364928909953
16.893364928909953
16.893364928909953
16.893364928909953
16.893364928909953
16.893364928909953
13.73076923076923
16.893364928909953
16.893364928909953
16.170731707317074
15.40625
16.893364928909953
14.602409638554217
22.88235294117647
16.656429942418427
16.893364928909953
16.656429942418427
16.893364928909953
15.01923076923077
19.40963855421687
16.656429942418427
14.403225806451612
16.893364928909953
16.153284671532848
16.893364928909953
14.403225806451612
22.88235294117647
16.893364928909953
16.893364928909953
16.893364928909953
16.893364928909953
16.893364928909953
22.88235294117647
18.823529411764707
18.28235294117647
15.40625
16.893364928909953
16.893364928909953
16.893364928909953
19.40963855421687
16.893364928909953
16.656429942418427
16.656429942418427
16.893364928909953
14.403225806451612
17.714285714285715
14.602409638554217
13.73076923076923
16.893364928909953
14.403225806451612
13.9
16.893364928909953
16.656429942418427
18.28235294117647
18.28235294117647
16.656429942418427
16.893364928909953
16.656429942418427
16.656429942418427
14.666666666666666
18.28235294117647
33.58227848101266
16.893364928909953
14.602409638554217
16.893364928909953
16.893364928909953
16.893364928909953
16.893364928909953
27.6
16.656429942418427
15.206896551724139
16.893364928909953
16.893364928909953
16.656429942418427
16.656429942418427
40.82142857142857
13.833333333333334
16.656429942418427
12.333333333333334
16.656429942418427
16.893364928909953
16.893364928909953
14.602409638554217
16.656429942418427
16.893364928909953
14.403225806451612
13.73076923076923
16.656429942418427
16.153284671532848
14.692307692307692
16.656429942418427
26.107142857142858
16.893364928909953
16.893364928909953
33.58227848101266
16.656429942418427
16.893364928909953
26.107142857142858
16.893364928909953
16.893364928909953
16.656429942418427
19.40963855421687
22.88235294117647
16.153284671532848
26.107142857142858
14.0
21.59090909090909
16.893364928909953
16.656429942418427
16.893364928909953
16.893364928909953
16.893364928909953
18.28235294117647
16.170731707317074
12.5
16.486202431560393
16.153284671532848
15.01923076923077
15.066666666666666
16.153284671532848
16.656429942418427
16.893364928909953
18.28235294117647
16.893364928909953
19.40963855421687
16.666666666666668
18.28235294117647
14.602409638554217
16.893364928909953
18.28235294117647
16.893364928909953
18.28235294117647
16.893364928909953
16.893364928909953
16.153284671532848
13.73076923076923
16.656429942418427
16.893364928909953
16.656429942418427
16.893364928909953
16.893364928909953
16.893364928909953
14.403225806451612
16.656429942418427
16.893364928909953
16.893364928909953
18.28235294117647
18.28235294117647
27.714285714285715
16.153284671532848
16.893364928909953
16.893364928909953
16.893364928909953
16.893364928909953
16.656429942418427
16.893364928909953
13.478260869565217
15.01923076923077
16.893364928909953
16.893364928909953
16.656429942418427
16.656429942418427
15.066666666666666
13.73076923076923
14.403225806451612
16.153284671532848
16.893364928909953
16.893364928909953
18.28235294117647
34.0
16.656429942418427
13.714285714285714
26.107142857142858
16.893364928909953
26.107142857142858
16.893364928909953
16.893364928909953
16.893364928909953
16.656429942418427
16.656429942418427
16.656429942418427
16.893364928909953
16.893364928909953
16.893364928909953
16.656429942418427
16.893364928909953
16.666666666666668
16.893364928909953
21.59090909090909
16.893364928909953
16.153284671532848
18.28235294117647
16.656429942418427
22.88235294117647
16.656429942418427
15.76923076923077
16.656429942418427
16.656429942418427
16.893364928909953
22.88235294117647
18.28235294117647
16.893364928909953
16.656429942418427
344.75548654040585
18.28235294117647
18.28235294117647
16.656429942418427
14.602409638554217
16.893364928909953
16.893364928909953
16.893364928909953
33.58227848101266
33.58227848101266
16.893364928909953
18.28235294117647
16.893364928909953
26.107142857142858
18.28235294117647
18.28235294117647
16.656429942418427
22.88235294117647
26.107142857142858
16.893364928909953
16.656429942418427
18.28235294117647
18.28235294117647
16.656429942418427
17.454545454545453
26.107142857142858
22.5
16.893364928909953
13.875
16.893364928909953
15.64102564102564
16.170731707317074
18.28235294117647
26.107142857142858
16.656429942418427
18.28235294117647
16.656429942418427
15.40625
16.656429942418427
16.893364928909953
18.28235294117647
14.403225806451612
16.893364928909953
16.893364928909953
16.893364928909953
16.893364928909953
16.153284671532848
19.40963855421687
40.82142857142857
16.893364928909953
16.656429942418427
16.893364928909953
16.656429942418427
22.88235294117647
18.28235294117647
16.893364928909953
22.88235294117647
18.28235294117647
14.602409638554217
13.478260869565217
15.133333333333333
16.893364928909953
40.82142857142857
16.656429942418427
16.656429942418427
15.76923076923077
19.0
26.107142857142858
15.01923076923077
16.656429942418427
18.28235294117647
18.28235294117647
16.656429942418427
16.893364928909953
18.28235294117647
16.893364928909953
18.28235294117647
22.88235294117647
16.893364928909953
16.893364928909953
16.893364928909953
16.656429942418427
16.656429942418427
16.153284671532848
16.656429942418427
16.893364928909953
16.656429942418427
16.893364928909953
16.893364928909953
14.602409638554217
16.893364928909953
16.656429942418427
16.893364928909953
16.893364928909953
16.893364928909953
14.0
17.714285714285715
16.893364928909953
15.206896551724139
22.88235294117647
16.893364928909953
13.478260869565217
16.893364928909953
16.153284671532848
18.28235294117647
16.893364928909953
16.893364928909953
16.893364928909953
14.602409638554217
18.28235294117647
16.893364928909953
16.170731707317074
711.1410429539474
14.602409638554217
21.82608695652174
25.999999999999996
16.153284671532848
42.68392751421402
33.58227848101266
16.893364928909953
18.28235294117647
18.28235294117647
16.024742755704633
22.88235294117647
16.893364928909953
16.893364928909953
16.893364928909953
16.893364928909953
16.656429942418427
16.893364928909953
26.107142857142858
16.656429942418427
14.403225806451612
18.28235294117647
16.893364928909953
14.403225806451612
16.893364928909953
16.893364928909953
16.656429942418427
23.583539782243715
26.107142857142858
61.625
33.58227848101266
16.656429942418427
16.893364928909953
14.602409638554217
18.28235294117647
16.666666666666668
16.656429942418427
16.893364928909953
16.893364928909953
16.893364928909953
16.656429942418427
16.656429942418427
18.28235294117647
16.656429942418427
33.58227848101266
33.58227848101266
16.893364928909953
14.403225806451612
177.0
16.656429942418427
16.893364928909953
16.656429942418427
16.893364928909953
17.714285714285715
14.403225806451612
13.727272727272727
16.893364928909953
18.28235294117647
18.067932732091137
61.0
16.656429942418427
16.893364928909953
22.88235294117647
16.893364928909953
13.9
16.893364928909953
18.28235294117647
16.656429942418427
18.28235294117647
16.893364928909953
16.893364928909953
16.153284671532848
16.893364928909953
16.893364928909953
199.14285714285714
16.893364928909953
13.714285714285714
26.107142857142858
16.893364928909953
19.40963855421687
16.893364928909953
14.602409638554217
19.40963855421687
16.656429942418427
30.166666666666668
15.133333333333333
18.28235294117647
15.666666666666666
18.28235294117647
16.656429942418427
16.656429942418427
257.6666666666667
16.656429942418427
18.28235294117647
14.403225806451612
21.82608695652174
16.893364928909953
26.107142857142858
16.893364928909953
16.153284671532848
16.893364928909953
16.893364928909953
15.9
13.73076923076923
14.777777777777779
15.206896551724139
13.098286602962688
15.206896551724139
16.893364928909953
16.893364928909953
16.893364928909953
18.28235294117647
16.656429942418427
16.893364928909953
16.893364928909953
16.893364928909953
14.777777777777779
22.88235294117647
13.727272727272727
16.893364928909953
16.893364928909953
16.656429942418427
16.656429942418427
16.893364928909953
16.893364928909953
16.893364928909953
18.28235294117647
16.656429942418427
15.133333333333333
15.64102564102564
113.66666666666667
18.920631262703502
16.153284671532848
16.153284671532848
16.893364928909953
18.823529411764707
16.153284671532848
16.893364928909953
16.170731707317074
15.76923076923077
16.893364928909953
19.40963855421687
16.893364928909953
16.893364928909953
16.893364928909953
14.363636363636363
13.73076923076923
26.107142857142858
16.893364928909953
26.107142857142858
16.893364928909953
16.893364928909953
18.28235294117647
16.893364928909953
17.88
18.28235294117647
18.28235294117647
266.74452340521003
33.58227848101266
16.893364928909953
16.893364928909953
16.656429942418427
16.893364928909953
14.403225806451612
26.107142857142858
33.58227848101266
16.893364928909953
18.28235294117647
16.666666666666668
16.656429942418427
16.893364928909953
15.066666666666666
19.40963855421687
64.33333333333333
18.28235294117647
16.656429942418427
16.893364928909953
18.28235294117647
16.153284671532848
16.893364928909953
16.893364928909953
16.153284671532848
16.893364928909953
16.893364928909953
16.893364928909953
13.73076923076923
16.893364928909953
13.5
19.40963855421687
16.656429942418427
16.656429942418427
16.893364928909953
16.893364928909953
16.656429942418427
13.478260869565217
16.153284671532848
16.170731707317074
16.893364928909953
16.893364928909953
18.28235294117647
14.602409638554217
16.893364928909953
33.58227848101266
16.893364928909953
13.833333333333334
15.64102564102564
18.28235294117647
16.893364928909953
16.893364928909953
16.893364928909953
18.28235294117647
14.602409638554217
16.893364928909953
13.833333333333334
16.893364928909953
16.893364928909953
17.714285714285715
16.893364928909953
16.153284671532848
13.73076923076923
16.893364928909953
22.88235294117647
19.40963855421687
16.893364928909953
15.40625
16.153284671532848
26.107142857142858
15.64102564102564
16.893364928909953
13.73076923076923
13.833333333333334
16.893364928909953
33.58227848101266
13.833333333333334
16.656429942418427
14.777777777777779
15.01923076923077
16.893364928909953
15.133333333333333
16.170731707317074
16.893364928909953
16.893364928909953
16.893364928909953
18.28235294117647
16.893364928909953
18.28235294117647
16.893364928909953
15.9
16.893364928909953
16.893364928909953
13.272727272727273
13.625
16.893364928909953
16.656429942418427
16.893364928909953
15.133333333333333
16.893364928909953
33.58227848101266
14.602409638554217
16.656429942418427
15.9
26.107142857142858
14.602409638554217
14.692307692307692
16.893364928909953
16.893364928909953
16.893364928909953
14.2
16.893364928909953
16.893364928909953
16.893364928909953
16.170731707317074
16.656429942418427
15.01923076923077
17.454545454545453
16.893364928909953
15.64102564102564
18.28235294117647
16.656429942418427
18.28235294117647
16.656429942418427
14.602409638554217
16.893364928909953
16.656429942418427
16.893364928909953
16.893364928909953
22.88235294117647
18.28235294117647
14.403225806451612
26.107142857142858
13.73076923076923
19.40963855421687
16.893364928909953
13.727272727272727
14.0
18.28235294117647
16.153284671532848
14.602409638554217
15.066666666666666
16.893364928909953
16.893364928909953
16.656429942418427
16.893364928909953
16.656429942418427
19.40963855421687
33.58227848101266
16.893364928909953
15.40625
16.656429942418427
16.893364928909953
16.893364928909953
15.64102564102564
16.893364928909953
455.0
18.28235294117647
33.58227848101266
16.893364928909953
16.893364928909953
21.82608695652174
22.88235294117647
16.893364928909953
17.714285714285715
16.893364928909953
18.28235294117647
14.602409638554217
26.107142857142858
16.893364928909953
16.656429942418427
16.893364928909953
13.73076923076923
22.88235294117647
16.285714285714285
16.893364928909953
16.656429942418427
30.166666666666668
16.893364928909953
26.107142857142858
18.28235294117647
33.58227848101266
21.59090909090909
14.363636363636363
13.5
16.893364928909953
16.893364928909953
16.893364928909953
16.893364928909953
14.602409638554217
16.893364928909953
15.133333333333333
16.893364928909953
16.893364928909953
13.73076923076923
16.893364928909953
15.133333333333333
16.656429942418427
16.656429942418427
16.170731707317074
16.893364928909953
16.153284671532848
16.893364928909953
19.40963855421687
13.73076923076923
16.893364928909953
16.893364928909953
16.893364928909953
19.40963855421687
15.206896551724139
16.153284671532848
16.656429942418427
16.656429942418427
16.153284671532848
18.28235294117647
15.066666666666666
26.107142857142858
12.833333333333334
16.656429942418427
16.893364928909953
14.2
16.656429942418427
16.893364928909953
16.893364928909953
16.893364928909953
14.403225806451612
16.893364928909953
15.206896551724139
16.893364928909953
13.958893306558005
26.107142857142858
16.656429942418427
16.893364928909953
26.107142857142858
15.76923076923077
26.107142857142858
15.01923076923077
16.893364928909953
14.403225806451612
21.82608695652174
16.656429942418427
16.656429942418427
16.893364928909953
33.58227848101266
22.88235294117647
13.73076923076923
16.893364928909953
16.893364928909953
16.656429942418427
16.893364928909953
16.893364928909953
27.6
16.893364928909953
13.272727272727273
16.893364928909953
16.893364928909953
26.107142857142858
18.28235294117647
16.893364928909953
16.893364928909953
16.893364928909953
16.893364928909953
16.656429942418427
22.88235294117647
16.893364928909953
16.893364928909953
17.714285714285715
16.893364928909953
16.893364928909953
16.656429942418427
16.656429942418427
16.153284671532848
16.893364928909953
14.403225806451612
16.656429942418427
13.73076923076923
16.893364928909953
16.893364928909953
16.893364928909953
16.893364928909953
18.28235294117647
16.153284671532848
26.107142857142858
16.656429942418427
16.893364928909953
16.893364928909953
35.5
16.893364928909953
13.478260869565217
16.656429942418427
16.893364928909953
16.656429942418427
16.893364928909953
15.64102564102564
16.893364928909953
16.893364928909953
21.59090909090909
16.893364928909953
16.893364928909953
15.01923076923077
16.893364928909953
16.893364928909953
16.893364928909953
26.107142857142858
273.0
15.133333333333333
16.656429942418427
16.893364928909953
19.40963855421687
19.40963855421687
16.893364928909953
16.656429942418427
16.656429942418427
16.893364928909953
16.893364928909953
18.28235294117647
16.656429942418427
15.40625
16.656429942418427
16.893364928909953
16.893364928909953
16.656429942418427
15.133333333333333
16.656429942418427
16.893364928909953
40.82142857142857
16.170731707317074
16.893364928909953
15.40625
16.893364928909953
13.714285714285714
14.403225806451612
14.602409638554217
26.107142857142858
16.893364928909953
15.133333333333333
61.625
16.656429942418427
16.656429942418427
14.2
14.777777777777779
18.28235294117647
16.656429942418427
16.893364928909953
16.893364928909953
15.206896551724139
26.107142857142858
18.28235294117647
16.656429942418427
16.893364928909953
26.107142857142858
14.602409638554217
27.714285714285715
13.73076923076923
16.893364928909953
18.28235294117647
33.58227848101266
16.893364928909953
16.893364928909953
16.656429942418427
19.40963855421687
18.28235294117647
17.666666666666668
18.28235294117647
15.133333333333333
22.88235294117647
16.153284671532848
16.656429942418427
16.893364928909953
42.40186476277606
22.88235294117647
17.88
16.893364928909953
22.88235294117647
199.14285714285714
15.9
16.656429942418427
455.0
16.153284671532848
26.120384469538077
15.40625
16.656429942418427
19.40963855421687
21.82608695652174
18.823529411764707
16.893364928909953
16.656429942418427
16.656429942418427
16.893364928909953
19.40963855421687
16.893364928909953
16.893364928909953
18.823529411764707
16.656429942418427
16.893364928909953
16.893364928909953
16.893364928909953
13.73076923076923
16.893364928909953
33.58227848101266
16.893364928909953
16.893364928909953
18.28235294117647
14.8
16.656429942418427
16.656429942418427
16.656429942418427
16.893364928909953
16.656429942418427
16.656429942418427
18.28235294117647
16.656429942418427
16.893364928909953
16.153284671532848
16.153284671532848
16.656429942418427
19.40963855421687
16.656429942418427
16.656429942418427
26.107142857142858
16.656429942418427
199.14285714285714
16.893364928909953
16.893364928909953
199.14285714285714
105.66666666666667
18.28235294117647
18.28235294117647
16.893364928909953
13.73076923076923
16.893364928909953
16.893364928909953
15.01923076923077
16.893364928909953
13.9
16.893364928909953
18.28235294117647
13.478260869565217
16.656429942418427
18.28235294117647
16.893364928909953
16.893364928909953
18.28235294117647
16.153284671532848
33.58227848101266
16.893364928909953
33.58227848101266
21.59090909090909
16.893364928909953
16.893364928909953
16.893364928909953
64.33333333333333
16.893364928909953
16.893364928909953
21.82608695652174
19.40963855421687
16.893364928909953
15.133333333333333
21.59090909090909
17.714285714285715
63.0
16.893364928909953
16.893364928909953
30.166666666666668
16.893364928909953
16.893364928909953
14.363636363636363
13.73076923076923
16.656429942418427
14.602409638554217
17.88
16.656429942418427
16.893364928909953
199.14285714285714
16.656429942418427
16.656429942418427
16.893364928909953
15.76923076923077
33.58227848101266
16.893364928909953
21.5
14.403225806451612
16.656429942418427
15.64102564102564
26.107142857142858
16.656429942418427
16.893364928909953
276.8333333333333
16.893364928909953
16.893364928909953
15.133333333333333
27.714285714285715
14.692307692307692
16.893364928909953
16.656429942418427
15.40625
27.714285714285715
16.893364928909953
13.9
14.777777777777779
16.656429942418427
16.153284671532848
16.656429942418427
33.58227848101266
16.170731707317074
25.333333333333332
16.893364928909953
16.893364928909953
16.656429942418427
16.656429942418427
15.76923076923077
16.656429942418427
18.28235294117647
13.73076923076923
14.602409638554217
16.893364928909953
16.893364928909953
19.0
16.893364928909953
16.893364928909953
33.58227848101266
19.40963855421687
16.153284671532848
16.656429942418427
16.893364928909953
16.893364928909953
16.893364928909953
16.170731707317074
14.602409638554217
16.656429942418427
16.656429942418427
18.823529411764707
16.893364928909953
16.893364928909953
16.656429942418427
26.107142857142858
15.9
16.153284671532848
26.107142857142858
40.82142857142857
16.656429942418427
16.893364928909953
15.76923076923077
16.893364928909953
16.893364928909953
27.6
16.656429942418427
16.893364928909953
21.82608695652174
17.454545454545453
26.107142857142858
15.76923076923077
16.893364928909953
18.28235294117647
16.656429942418427
14.0
455.0
15.01923076923077
15.01923076923077
16.893364928909953
12.833333333333334
15.133333333333333
16.893364928909953
16.893364928909953
25.333333333333332
18.28235294117647
16.656429942418427
15.76923076923077
14.403225806451612
16.893364928909953
16.893364928909953
16.893364928909953
16.893364928909953
26.107142857142858
16.893364928909953
16.656429942418427
16.656429942418427
16.153284671532848
16.893364928909953
17.88
15.066666666666666
14.602409638554217
16.893364928909953
13.73076923076923
16.893364928909953
26.107142857142858
16.893364928909953
16.893364928909953
16.893364928909953
18.28235294117647
17.88
16.893364928909953
19.40963855421687
16.656429942418427
16.893364928909953
17.88
16.893364928909953
16.893364928909953
16.656429942418427
16.893364928909953
16.893364928909953
16.893364928909953
13.9
18.28235294117647
14.602409638554217
15.40625
15.206896551724139
18.28235294117647
17.714285714285715
16.893364928909953
18.28235294117647
16.893364928909953
16.893364928909953
16.893364928909953
12.5
16.656429942418427
16.656429942418427
16.893364928909953
16.153284671532848
16.656429942418427
33.58227848101266
16.893364928909953
16.893364928909953
16.893364928909953
26.107142857142858
16.893364928909953
16.285714285714285
21.59090909090909
17.88
16.893364928909953
16.656429942418427
16.893364928909953
13.5
22.88235294117647
19.666666666666668
16.656429942418427
61.333333333333336
16.893364928909953
21.82608695652174
16.893364928909953
16.170731707317074
15.76923076923077
18.28235294117647
16.893364928909953
16.893364928909953
16.893364928909953
16.656429942418427
14.692307692307692
33.58227848101266
16.893364928909953
16.656429942418427
16.893364928909953
15.01923076923077
16.656429942418427
16.893364928909953
16.170731707317074
22.88235294117647
16.153284671532848
16.893364928909953
16.893364928909953
16.893364928909953
16.893364928909953
18.28235294117647
40.82142857142857
16.170731707317074
16.893364928909953
16.893364928909953
16.893364928909953
16.893364928909953
26.107142857142858
15.25
14.602409638554217
16.893364928909953
14.403225806451612
15.64102564102564
16.656429942418427
27.6
26.107142857142858
16.153284671532848
14.602409638554217
16.893364928909953
16.656429942418427
16.656429942418427
40.82142857142857
16.893364928909953
26.107142857142858
16.893364928909953
16.153284671532848
13.73076923076923
16.656429942418427
14.602409638554217
15.76923076923077
16.893364928909953
22.88235294117647
16.893364928909953
13.73076923076923
113.66666666666667
13.727272727272727
16.656429942418427
13.5
16.893364928909953
18.28235294117647
16.893364928909953
14.602409638554217
15.76923076923077
15.666666666666666
16.893364928909953
16.893364928909953
16.893364928909953
19.40963855421687
16.893364928909953
16.153284671532848
14.602409638554217
18.823529411764707
19.40963855421687
16.893364928909953
16.893364928909953
16.656429942418427
17.88
22.88235294117647
16.170731707317074
15.206896551724139
18.28235294117647
21.82608695652174
18.28235294117647
15.25
18.28235294117647
14.777777777777779
85.7287482861146
15.76923076923077
17.454545454545453
14.692307692307692
16.656429942418427
16.893364928909953
14.692307692307692
16.893364928909953
16.656429942418427
16.656429942418427
16.656429942418427
13.9
16.893364928909953
16.656429942418427
