ex_time
1.0
1.0
1.0
1.0
1.0
1.0
1.0
1.0
1.0
1.0
1.0
1.0
1.0
1.0
1.0
1.0
1.0
1.0
1.0
1.0
1.0
1.0
1.0
1.0
1.0
1.0
1.0
1.0
1.0
1.0
1.0
1.0
1.0
1.0
1.0
1.0
1.0
1.0
1.0
1.0
1.0
1.0
1.0
1.0
1.0
1.0
1.0
1.0
1.0
1.0
1.0
1.0
1.0
1.0
1.0
1.0
1.0
1.0
1.0
1.0
13.955555555555556
13.955555555555556
13.955555555555556
13.955555555555556
13.955555555555556
13.95609756097561
13.95609756097561
13.95609756097561
13.95609756097561
13.95609756097561
13.95609756097561
13.95609756097561
13.95609756097561
13.95609756097561
13.95609756097561
13.95609756097561
13.95609756097561
13.95609756097561
13.955555555555556
13.955555555555556
13.955555555555556
13.955555555555556
13.955555555555556
13.955555555555556
13.95609756097561
13.95609756097561
13.95609756097561
13.95609756097561
13.955555555555556
13.964718682324374
13.95609756097561
13.95609756097561
13.95609756097561
13.955555555555556
13.955555555555556
13.95609756097561
13.95609756097561
13.95609756097561
13.95609756097561
13.95609756097561
13.95609756097561
13.95609756097561
13.95609756097561
13.95609756097561
13.95609756097561
13.95609756097561
13.95609756097561
13.95609756097561
13.95609756097561
13.95609756097561
13.95609756097561
13.955555555555556
13.955555555555556
13.95609756097561
13.955555555555556
13.95609756097561
13.95609756097561
13.95609756097561
13.955555555555556
13.95609756097561
1.0
1.0
1.0
1.0
1.0
1.0
1.0
1.0
1.0
1.0
1.0
1.0
1.0
1.0
1.0
1.0
1.0
1.0
1.0
1.0
1.0
1.0
1.0
1.0
1.0
1.0
1.0
1.0
1.0
1.0
1.0
1.0
1.0
1.0
1.0
1.0
1.0
1.0
1.0
1.0
1.0
1.0
1.0
1.0
1.0
1.0
1.0
1.0
1.0
1.0
1.0
1.0
1.0
1.0
1.0
1.0
1.0
1.0
1.0
1.0
1.0
1.0
1.0
1.0
1.0
1.0
1.0
1.0
1.0
1.0
1.0
1.0
1.0
1.0
1.0
1.0
1.0
1.0
1.0
1.0
1.0
1.0
1.0
1.0
1.0
1.0
1.0
1.0
1.0
1.0
1.0
1.0
1.0
1.0
1.0
1.0
1.0
1.0
1.0
1.0
1.0
1.0
1.0
1.0
1.0
1.0
1.0
1.0
1.0
1.0
1.0
1.0
1.0
1.0
1.0
1.0
1.0
1.0
1.0
1.0
20.246666666666666
20.246666666666666
20.246666666666666
20.246666666666666
20.246666666666666
20.246666666666666
20.246666666666666
20.246666666666666
20.246666666666666
20.246666666666666
20.246666666666666
20.246666666666666
20.246666666666666
20.246666666666666
20.246666666666666
20.246666666666666
20.246666666666666
20.246666666666666
20.246666666666666
20.246666666666666
20.246666666666666
20.246666666666666
20.246666666666666
20.246666666666666
20.246666666666666
20.246666666666666
20.246666666666666
20.246666666666666
20.246666666666666
20.246666666666666
20.246666666666666
20.246666666666666
20.246666666666666
20.246666666666666
20.246666666666666
20.246666666666666
20.246666666666666
20.246666666666666
20.246666666666666
20.246666666666666
20.246666666666666
20.246666666666666
20.246666666666666
20.246666666666666
20.246666666666666
20.246666666666666
20.246666666666666
20.246666666666666
20.246666666666666
20.246666666666666
20.246666666666666
20.246666666666666
20.246666666666666
20.246666666666666
20.246666666666666
20.246666666666666
20.246666666666666
20.246666666666666
20.246666666666666
20.246666666666666
0.9766666666666667
0.9766666666666667
0.9766666666666667
0.9766666666666667
0.9766666666666667
0.9766666666666667
0.9766666666666667
0.9766666666666667
0.9766666666666667
0.9766666666666667
0.9766666666666667
0.9766666666666667
0.9766666666666667
0.9766666666666667
0.9766666666666667
0.9766666666666667
0.9766666666666667
0.9766666666666667
0.9766666666666667
0.9766666666666667
0.9766666666666667
0.9766666666666667
0.9766666666666667
0.9766666666666667
0.9766666666666667
0.9766666666666667
0.9766666666666667
0.9766666666666667
0.9766666666666667
0.9766666666666667
0.9766666666666667
0.9766666666666667
0.9766666666666667
0.9766666666666667
0.9766666666666667
0.9766666666666667
0.9766666666666667
0.9766666666666667
0.9766666666666667
0.9766666666666667
0.9766666666666667
0.9766666666666667
0.9766666666666667
0.9766666666666667
0.9766666666666667
0.9766666666666667
0.9766666666666667
0.9766666666666667
0.9766666666666667
0.9766666666666667
0.9766666666666667
0.9766666666666667
0.9766666666666667
0.9766666666666667
0.9766666666666667
0.9766666666666667
0.9766666666666667
0.9766666666666667
0.9766666666666667
0.9766666666666667
1.0
1.0
1.0
1.0
1.0
1.0
1.0
1.0
1.0
1.0
1.0
1.0
1.0
1.0
1.0
1.0
1.0
1.0
1.0
1.0
1.0
1.0
1.0
1.0
1.0
1.0
1.0
1.0
1.0
1.0
1.0
1.0
1.0
1.0
1.0
1.0
1.0
1.0
1.0
1.0
1.0
1.0
1.0
1.0
1.0
1.0
1.0
1.0
1.0
1.0
1.0
1.0
1.0
1.0
1.0
1.0
1.0
1.0
1.0
1.0
50.47586206896552
50.242105263157896
50.47586206896552
49.955555555555556
50.47586206896552
50.242105263157896
50.47586206896552
50.07728831652885
50.47586206896552
50.47586206896552
50.47586206896552
50.47586206896552
50.47586206896552
50.47586206896552
50.47586206896552
50.47586206896552
50.47586206896552
50.47586206896552
50.47586206896552
50.47586206896552
50.47586206896552
50.47586206896552
50.47586206896552
50.47586206896552
50.47586206896552
50.47586206896552
50.47586206896552
50.47586206896552
50.47586206896552
50.47586206896552
50.242105263157896
50.242105263157896
50.242105263157896
50.242105263157896
50.242105263157896
50.242105263157896
50.242105263157896
50.242105263157896
50.242105263157896
50.242105263157896
50.4004892492932
50.47586206896552
50.47586206896552
50.242105263157896
50.242105263157896
50.47586206896552
50.07728831652885
50.242105263157896
49.955555555555556
49.955555555555556
49.955555555555556
49.955555555555556
49.955555555555556
49.955555555555556
49.955555555555556
49.955555555555556
50.242105263157896
50.242105263157896
50.242105263157896
50.242105263157896
0.9733333333333334
0.9733333333333334
0.9733333333333334
0.9733333333333334
0.9733333333333334
0.9733333333333334
0.9733333333333334
0.9733333333333334
0.9733333333333334
0.9733333333333334
0.9733333333333334
0.9733333333333334
0.9733333333333334
0.9733333333333334
0.9733333333333334
0.9733333333333334
0.9733333333333334
0.9733333333333334
0.9733333333333334
0.9733333333333334
0.9733333333333334
0.9733333333333334
0.9733333333333334
0.9733333333333334
0.9733333333333334
0.9733333333333334
0.9733333333333334
0.9733333333333334
0.9733333333333334
0.9733333333333334
0.9733333333333334
0.9733333333333334
0.9733333333333334
0.9733333333333334
0.9733333333333334
0.9733333333333334
0.9733333333333334
0.9733333333333334
0.9733333333333334
0.9733333333333334
0.9733333333333334
0.9733333333333334
0.9733333333333334
0.9733333333333334
0.9733333333333334
0.9733333333333334
0.9733333333333334
0.9733333333333334
0.9733333333333334
0.9733333333333334
0.9733333333333334
0.9733333333333334
0.9733333333333334
0.9733333333333334
0.9733333333333334
0.9733333333333334
0.9733333333333334
0.9733333333333334
0.9733333333333334
0.9733333333333334
1.0
1.0
1.0
1.0
1.0
1.0
1.0
1.0
1.0
1.0
1.0
1.0
1.0
1.0
1.0
1.0
1.0
1.0
1.0
1.0
1.0
1.0
1.0
1.0
1.0
1.0
1.0
1.0
1.0
1.0
1.0
1.0
1.0
1.0
1.0
1.0
1.0
1.0
1.0
1.0
1.0
1.0
1.0
1.0
1.0
1.0
1.0
1.0
1.0
1.0
1.0
1.0
1.0
1.0
1.0
1.0
1.0
1.0
1.0
1.0
13.752380952380953
13.912820512820513
13.912820512820513
13.752380952380953
13.912820512820513
13.912820512820513
13.912820512820513
13.912820512820513
13.912820512820513
13.912820512820513
13.912820512820513
13.912820512820513
13.912820512820513
13.912820512820513
13.912820512820513
13.912820512820513
13.752380952380953
13.912820512820513
13.912820512820513
13.752380952380953
13.752380952380953
13.752380952380953
13.752380952380953
13.752380952380953
13.752380952380953
13.752380952380953
13.752380952380953
13.752380952380953
13.752380952380953
13.912820512820513
13.912820512820513
13.912820512820513
13.752380952380953
13.912820512820513
13.912820512820513
13.752380952380953
13.752380952380953
13.912820512820513
13.912820512820513
13.912820512820513
13.912820512820513
13.752380952380953
13.912820512820513
13.912820512820513
13.912820512820513
13.912820512820513
13.912820512820513
13.912820512820513
13.912820512820513
13.912820512820513
13.752380952380953
13.912820512820513
13.912820512820513
13.912820512820513
13.912820512820513
13.912820512820513
13.912820512820513
13.752380952380953
13.752380952380953
13.752380952380953
1.0
1.0
1.0
1.0
1.0
1.0
1.0
1.0
1.0
1.0
1.0
1.0
1.0
1.0
1.0
1.0
1.0
1.0
1.0
1.0
1.0
1.0
1.0
1.0
1.0
1.0
1.0
1.0
1.0
1.0
1.0
1.0
1.0
1.0
1.0
1.0
1.0
1.0
1.0
1.0
1.0
1.0
1.0
1.0
1.0
1.0
1.0
1.0
1.0
1.0
1.0
1.0
1.0
1.0
1.0
1.0
1.0
1.0
1.0
1.0
1.0
1.0
1.0
1.0
1.0
1.0
1.0
1.0
1.0
1.0
1.0
1.0
1.0
1.0
1.0
1.0
1.0
1.0
1.0
1.0
1.0
1.0
1.0
1.0
1.0
1.0
1.0
1.0
1.0
1.0
1.0
1.0
1.0
1.0
1.0
1.0
1.0
1.0
1.0
1.0
1.0
1.0
1.0
1.0
1.0
1.0
1.0
1.0
1.0
1.0
1.0
1.0
1.0
1.0
1.0
1.0
1.0
1.0
1.0
1.0
14.283333333333333
14.283333333333333
14.283333333333333
14.283333333333333
14.283333333333333
14.283333333333333
14.283333333333333
14.283333333333333
14.283333333333333
14.283333333333333
14.283333333333333
14.283333333333333
14.283333333333333
14.283333333333333
14.283333333333333
14.283333333333333
14.283333333333333
14.283333333333333
14.283333333333333
14.283333333333333
14.283333333333333
14.283333333333333
14.283333333333333
14.283333333333333
14.283333333333333
14.283333333333333
14.283333333333333
14.283333333333333
14.283333333333333
14.283333333333333
14.283333333333333
14.283333333333333
14.283333333333333
14.283333333333333
14.283333333333333
14.283333333333333
14.283333333333333
14.283333333333333
14.283333333333333
14.283333333333333
14.283333333333333
14.283333333333333
14.283333333333333
14.283333333333333
14.283333333333333
14.283333333333333
14.283333333333333
14.283333333333333
14.283333333333333
14.283333333333333
14.283333333333333
14.283333333333333
14.283333333333333
14.283333333333333
14.283333333333333
14.283333333333333
14.283333333333333
14.283333333333333
14.283333333333333
14.283333333333333
1.0
1.0
1.0
1.0
1.0
1.0
1.0
1.0
1.0
1.0
1.0
1.0
1.0
1.0
1.0
1.0
1.0
1.0
1.0
1.0
1.0
1.0
1.0
1.0
1.0
1.0
1.0
1.0
1.0
1.0
1.0
1.0
1.0
1.0
1.0
1.0
1.0
1.0
1.0
1.0
1.0
1.0
1.0
1.0
1.0
1.0
1.0
1.0
1.0
1.0
1.0
1.0
1.0
1.0
1.0
1.0
1.0
1.0
1.0
1.0
1.0
1.0
1.0
1.0
1.0
1.0
1.0
1.0
1.0
1.0
1.0
1.0
1.0
1.0
1.0
1.0
1.0
1.0
1.0
1.0
1.0
1.0
1.0
1.0
1.0
1.0
1.0
1.0
1.0
1.0
1.0
1.0
1.0
1.0
1.0
1.0
1.0
1.0
1.0
1.0
1.0
1.0
1.0
1.0
1.0
1.0
1.0
1.0
1.0
1.0
1.0
1.0
1.0
1.0
1.0
1.0
1.0
1.0
1.0
1.0
1.0
1.0
1.0
1.0
1.0
1.0
1.0
1.0
1.0
1.0
1.0
1.0
1.0
1.0
1.0
1.0
1.0
1.0
1.0
1.0
1.0
1.0
1.0
1.0
1.0
1.0
1.0
1.0
1.0
1.0
1.0
1.0
1.0
1.0
1.0
1.0
1.0
1.0
1.0
1.0
1.0
1.0
1.0
1.0
1.0
1.0
1.0
1.0
1.0
1.0
1.0
1.0
1.0
1.0
1.0
1.0
1.0
1.0
1.0
1.0
13.523333333333333
13.523333333333333
13.523333333333333
13.523333333333333
13.523333333333333
13.523333333333333
13.523333333333333
13.523333333333333
13.523333333333333
13.523333333333333
13.523333333333333
13.523333333333333
13.523333333333333
13.523333333333333
13.523333333333333
13.523333333333333
13.523333333333333
13.523333333333333
13.523333333333333
13.523333333333333
13.523333333333333
13.523333333333333
13.523333333333333
13.523333333333333
13.523333333333333
13.523333333333333
13.523333333333333
13.523333333333333
13.523333333333333
13.523333333333333
13.523333333333333
13.523333333333333
13.523333333333333
13.523333333333333
13.523333333333333
13.523333333333333
13.523333333333333
13.523333333333333
13.523333333333333
13.523333333333333
13.523333333333333
13.523333333333333
13.523333333333333
13.523333333333333
13.523333333333333
13.523333333333333
13.523333333333333
13.523333333333333
13.523333333333333
13.523333333333333
13.523333333333333
13.523333333333333
13.523333333333333
13.523333333333333
13.523333333333333
13.523333333333333
13.523333333333333
13.523333333333333
13.523333333333333
13.523333333333333
14.206666666666667
14.206666666666667
14.206666666666667
14.206666666666667
14.206666666666667
14.206666666666667
14.206666666666667
14.206666666666667
14.206666666666667
14.206666666666667
14.206666666666667
14.206666666666667
14.206666666666667
14.206666666666667
14.206666666666667
14.206666666666667
14.206666666666667
14.206666666666667
14.206666666666667
14.206666666666667
14.206666666666667
14.206666666666667
14.206666666666667
14.206666666666667
14.206666666666667
14.206666666666667
14.206666666666667
14.206666666666667
14.206666666666667
14.206666666666667
14.206666666666667
14.206666666666667
14.206666666666667
14.206666666666667
14.206666666666667
14.206666666666667
14.206666666666667
14.206666666666667
14.206666666666667
14.206666666666667
14.206666666666667
14.206666666666667
14.206666666666667
14.206666666666667
14.206666666666667
14.206666666666667
14.206666666666667
14.206666666666667
14.206666666666667
14.206666666666667
14.206666666666667
14.206666666666667
14.206666666666667
14.206666666666667
14.206666666666667
14.206666666666667
14.206666666666667
14.206666666666667
14.206666666666667
14.206666666666667
10.883333333333333
10.883333333333333
10.883333333333333
10.883333333333333
10.883333333333333
10.883333333333333
10.883333333333333
10.883333333333333
10.883333333333333
10.883333333333333
10.883333333333333
10.883333333333333
10.883333333333333
10.883333333333333
10.883333333333333
10.883333333333333
10.883333333333333
10.883333333333333
10.883333333333333
10.883333333333333
10.883333333333333
10.883333333333333
10.883333333333333
10.883333333333333
10.883333333333333
10.883333333333333
10.883333333333333
10.883333333333333
10.883333333333333
10.883333333333333
10.883333333333333
10.883333333333333
10.883333333333333
10.883333333333333
10.883333333333333
10.883333333333333
10.883333333333333
10.883333333333333
10.883333333333333
10.883333333333333
10.883333333333333
10.883333333333333
10.883333333333333
10.883333333333333
10.883333333333333
10.883333333333333
10.883333333333333
10.883333333333333
10.883333333333333
10.883333333333333
10.883333333333333
10.883333333333333
10.883333333333333
10.883333333333333
10.883333333333333
10.883333333333333
10.883333333333333
10.883333333333333
10.883333333333333
10.883333333333333
103.05
103.05
103.05
103.05
103.05
103.05
90.44
90.44
102.4
98.25333333333333
98.25333333333333
92.14285714285714
98.25333333333333
98.25333333333333
92.14285714285714
94.7
102.4
94.7
90.44
98.25333333333333
98.25333333333333
90.54909762929675
98.25333333333333
98.25333333333333
98.25333333333333
92.14285714285714
92.14285714285714
98.25333333333333
98.25333333333333
98.25333333333333
92.14285714285714
103.05
103.05
90.44
98.40667187071507
104.61121178243667
98.40667187071507
90.34913863315639
98.40667187071507
98.25333333333333
92.14285714285714
98.25333333333333
92.14285714285714
98.25333333333333
103.05
103.05
90.44
102.4
94.7
102.4
94.7
94.7
102.4
102.4
94.7
103.05
103.05
102.4
94.7
94.7
